  -4.9985915e+00
  -4.9985915e+00
  -4.9985915e+00
  -4.9985915e+00
  -4.9985915e+00
  -4.9985915e+00
  -4.9985915e+00
  -4.9985915e+00
  -4.9985876e+00
  -4.9985876e+00
  -4.9985876e+00
  -4.9985876e+00
  -4.9985876e+00
  -4.9985876e+00
  -4.9985876e+00
  -4.9985876e+00
  -4.9985835e+00
  -4.9985835e+00
  -4.9985835e+00
  -4.9985835e+00
  -4.9985835e+00
  -4.9985835e+00
  -4.9985835e+00
  -4.9985835e+00
  -4.9985798e+00
  -4.9985798e+00
  -4.9985798e+00
  -4.9985798e+00
  -4.9985798e+00
  -4.9985798e+00
  -4.9985798e+00
  -4.9985798e+00
  -4.9985757e+00
  -4.9985757e+00
  -4.9985757e+00
  -4.9985757e+00
  -4.9985757e+00
  -4.9985757e+00
  -4.9985757e+00
  -4.9985757e+00
  -4.9985721e+00
  -4.9985721e+00
  -4.9985721e+00
  -4.9985721e+00
  -4.9985721e+00
  -4.9985721e+00
  -4.9985721e+00
  -4.9985721e+00
  -4.9985679e+00
  -4.9985679e+00
  -4.9985679e+00
  -4.9985679e+00
  -4.9985679e+00
  -4.9985679e+00
  -4.9985679e+00
  -4.9985679e+00
  -4.9985634e+00
  -4.9985634e+00
  -4.9985634e+00
  -4.9985634e+00
  -4.9985634e+00
  -4.9985634e+00
  -4.9985634e+00
  -4.9985634e+00
  -4.9985582e+00
  -4.9985582e+00
  -4.9985582e+00
  -4.9985582e+00
  -4.9985582e+00
  -4.9985582e+00
  -4.9985582e+00
  -4.9985582e+00
  -4.9985524e+00
  -4.9985524e+00
  -4.9985524e+00
  -4.9985524e+00
  -4.9985524e+00
  -4.9985524e+00
  -4.9985524e+00
  -4.9985524e+00
  -4.9985455e+00
  -4.9985455e+00
  -4.9985455e+00
  -4.9985455e+00
  -4.9985455e+00
  -4.9985455e+00
  -4.9985455e+00
  -4.9985455e+00
  -4.9985405e+00
  -4.9985405e+00
  -4.9985405e+00
  -4.9985405e+00
  -4.9985405e+00
  -4.9985405e+00
  -4.9985405e+00
  -4.9985405e+00
  -4.9985307e+00
  -4.9985307e+00
  -4.9985307e+00
  -4.9985307e+00
  -4.9985307e+00
  -4.9985307e+00
  -4.9985307e+00
  -4.9985307e+00
  -4.9985198e+00
  -4.9985198e+00
  -4.9985198e+00
  -4.9985198e+00
  -4.9985198e+00
  -4.9985198e+00
  -4.9985198e+00
  -4.9985094e+00
  -4.9985094e+00
  -4.9985094e+00
  -4.9985094e+00
  -4.9985094e+00
  -4.9985094e+00
  -4.9985094e+00
  -4.9985094e+00
  -4.9985094e+00
  -4.9984991e+00
  -4.9984991e+00
  -4.9984991e+00
  -4.9984991e+00
  -4.9984991e+00
  -4.9984991e+00
  -4.9984991e+00
  -4.9984991e+00
  -4.9984991e+00
  -4.9984888e+00
  -4.9984888e+00
  -4.9984888e+00
  -4.9984888e+00
  -4.9984888e+00
  -4.9984888e+00
  -4.9984888e+00
  -4.9984888e+00
  -4.9984888e+00
  -4.9984783e+00
  -4.9984783e+00
  -4.9984783e+00
  -4.9984783e+00
  -4.9984783e+00
  -4.9984783e+00
  -4.9984783e+00
  -4.9984783e+00
  -4.9984783e+00
  -4.9984666e+00
  -4.9984666e+00
  -4.9984666e+00
  -4.9984666e+00
  -4.9984666e+00
  -4.9984666e+00
  -4.9984666e+00
  -4.9984666e+00
  -4.9984666e+00
  -4.9984527e+00
  -4.9984527e+00
  -4.9984527e+00
  -4.9984527e+00
  -4.9984527e+00
  -4.9984527e+00
  -4.9984527e+00
  -4.9984527e+00
  -4.9984527e+00
  -4.9984393e+00
  -4.9984393e+00
  -4.9984393e+00
  -4.9984393e+00
  -4.9984393e+00
  -4.9984393e+00
  -4.9984393e+00
  -4.9984393e+00
  -4.9984393e+00
  -4.9984393e+00
  -4.9984260e+00
  -4.9984260e+00
  -4.9984260e+00
  -4.9984260e+00
  -4.9984260e+00
  -4.9984260e+00
  -4.9984260e+00
  -4.9984260e+00
  -4.9984260e+00
  -4.9984260e+00
  -4.9984120e+00
  -4.9984120e+00
  -4.9984120e+00
  -4.9984120e+00
  -4.9984120e+00
  -4.9984120e+00
  -4.9984120e+00
  -4.9984120e+00
  -4.9984120e+00
  -4.9984120e+00
  -4.9983978e+00
  -4.9983978e+00
  -4.9983978e+00
  -4.9983978e+00
  -4.9983978e+00
  -4.9983978e+00
  -4.9983978e+00
  -4.9983978e+00
  -4.9983978e+00
  -4.9983978e+00
  -4.9983832e+00
  -4.9983832e+00
  -4.9983832e+00
  -4.9983832e+00
  -4.9983832e+00
  -4.9983832e+00
  -4.9983832e+00
  -4.9983832e+00
  -4.9983832e+00
  -4.9983832e+00
  -4.9983681e+00
  -4.9983681e+00
  -4.9983681e+00
  -4.9983681e+00
  -4.9983681e+00
  -4.9983681e+00
  -4.9983681e+00
  -4.9983681e+00
  -4.9983681e+00
  -4.9983681e+00
  -4.9983524e+00
  -4.9983524e+00
  -4.9983524e+00
  -4.9983524e+00
  -4.9983524e+00
  -4.9983524e+00
  -4.9983524e+00
  -4.9983524e+00
  -4.9983524e+00
  -4.9983524e+00
  -4.9983357e+00
  -4.9983357e+00
  -4.9983357e+00
  -4.9983357e+00
  -4.9983357e+00
  -4.9983357e+00
  -4.9983357e+00
  -4.9983357e+00
  -4.9983357e+00
  -4.9983357e+00
  -4.9983180e+00
  -4.9983180e+00
  -4.9983180e+00
  -4.9983180e+00
  -4.9983180e+00
  -4.9983180e+00
  -4.9983180e+00
  -4.9983180e+00
  -4.9983180e+00
  -4.9983180e+00
  -4.9983014e+00
  -4.9983014e+00
  -4.9983014e+00
  -4.9983014e+00
  -4.9983014e+00
  -4.9983014e+00
  -4.9983014e+00
  -4.9983014e+00
  -4.9983014e+00
  -4.9983014e+00
  -4.9982833e+00
  -4.9982833e+00
  -4.9982833e+00
  -4.9982833e+00
  -4.9982833e+00
  -4.9982833e+00
  -4.9982833e+00
  -4.9982833e+00
  -4.9982833e+00
  -4.9982653e+00
  -4.9982653e+00
  -4.9982653e+00
  -4.9982653e+00
  -4.9982653e+00
  -4.9982653e+00
  -4.9982653e+00
  -4.9982653e+00
  -4.9982653e+00
  -4.9982461e+00
  -4.9982461e+00
  -4.9982461e+00
  -4.9982461e+00
  -4.9982461e+00
  -4.9982461e+00
  -4.9982461e+00
  -4.9982461e+00
  -4.9982461e+00
  -4.9982267e+00
  -4.9982267e+00
  -4.9982267e+00
  -4.9982267e+00
  -4.9982267e+00
  -4.9982267e+00
  -4.9982267e+00
  -4.9982267e+00
  -4.9982267e+00
  -4.9982267e+00
  -4.9982075e+00
  -4.9982075e+00
  -4.9982075e+00
  -4.9982075e+00
  -4.9982075e+00
  -4.9982075e+00
  -4.9982075e+00
  -4.9982075e+00
  -4.9982075e+00
  -4.9982075e+00
  -4.9981860e+00
  -4.9981860e+00
  -4.9981860e+00
  -4.9981860e+00
  -4.9981860e+00
  -4.9981860e+00
  -4.9981860e+00
  -4.9981860e+00
  -4.9981860e+00
  -4.9981860e+00
  -4.9981653e+00
  -4.9981653e+00
  -4.9981653e+00
  -4.9981653e+00
  -4.9981653e+00
  -4.9981653e+00
  -4.9981653e+00
  -4.9981653e+00
  -4.9981653e+00
  -4.9981653e+00
  -4.9981443e+00
  -4.9981443e+00
  -4.9981443e+00
  -4.9981443e+00
  -4.9981443e+00
  -4.9981443e+00
  -4.9981443e+00
  -4.9981443e+00
  -4.9981443e+00
  -4.9981443e+00
  -4.9981443e+00
  -4.9981230e+00
  -4.9981230e+00
  -4.9981230e+00
  -4.9981230e+00
  -4.9981230e+00
  -4.9981230e+00
  -4.9981230e+00
  -4.9981230e+00
  -4.9981230e+00
  -4.9981230e+00
  -4.9981230e+00
  -4.9981009e+00
  -4.9981009e+00
  -4.9981009e+00
  -4.9981009e+00
  -4.9981009e+00
  -4.9981009e+00
  -4.9981009e+00
  -4.9981009e+00
  -4.9981009e+00
  -4.9981009e+00
  -4.9981009e+00
  -4.9980790e+00
  -4.9980790e+00
  -4.9980790e+00
  -4.9980790e+00
  -4.9980790e+00
  -4.9980790e+00
  -4.9980790e+00
  -4.9980790e+00
  -4.9980790e+00
  -4.9980790e+00
  -4.9980790e+00
  -4.9980564e+00
  -4.9980564e+00
  -4.9980564e+00
  -4.9980564e+00
  -4.9980564e+00
  -4.9980564e+00
  -4.9980564e+00
  -4.9980564e+00
  -4.9980564e+00
  -4.9980564e+00
  -4.9980564e+00
  -4.9980564e+00
  -4.9980334e+00
  -4.9980334e+00
  -4.9980334e+00
  -4.9980334e+00
  -4.9980334e+00
  -4.9980334e+00
  -4.9980334e+00
  -4.9980334e+00
  -4.9980334e+00
  -4.9980334e+00
  -4.9980334e+00
  -4.9980334e+00
  -4.9980118e+00
  -4.9980118e+00
  -4.9980118e+00
  -4.9980118e+00
  -4.9980118e+00
  -4.9980118e+00
  -4.9980118e+00
  -4.9980118e+00
  -4.9980118e+00
  -4.9980118e+00
  -4.9980118e+00
  -4.9980118e+00
  -4.9980118e+00
  -4.9979891e+00
  -4.9979891e+00
  -4.9979891e+00
  -4.9979891e+00
  -4.9979891e+00
  -4.9979891e+00
  -4.9979891e+00
  -4.9979891e+00
  -4.9979891e+00
  -4.9979891e+00
  -4.9979891e+00
  -4.9979891e+00
  -4.9979891e+00
  -4.9979673e+00
  -4.9979673e+00
  -4.9979673e+00
  -4.9979673e+00
  -4.9979673e+00
  -4.9979673e+00
  -4.9979673e+00
  -4.9979673e+00
  -4.9979673e+00
  -4.9979673e+00
  -4.9979673e+00
  -4.9979673e+00
  -4.9979673e+00
  -4.9979673e+00
  -4.9979448e+00
  -4.9979448e+00
  -4.9979448e+00
  -4.9979448e+00
  -4.9979448e+00
  -4.9979448e+00
  -4.9979448e+00
  -4.9979448e+00
  -4.9979448e+00
  -4.9979448e+00
  -4.9979448e+00
  -4.9979448e+00
  -4.9979448e+00
  -4.9979448e+00
  -4.9979226e+00
  -4.9979226e+00
  -4.9979226e+00
  -4.9979226e+00
  -4.9979226e+00
  -4.9979226e+00
  -4.9979226e+00
  -4.9979226e+00
  -4.9979226e+00
  -4.9979226e+00
  -4.9979226e+00
  -4.9979226e+00
  -4.9979226e+00
  -4.9979226e+00
  -4.9979012e+00
  -4.9979012e+00
  -4.9979012e+00
  -4.9979012e+00
  -4.9979012e+00
  -4.9979012e+00
  -4.9979012e+00
  -4.9979012e+00
  -4.9979012e+00
  -4.9979012e+00
  -4.9979012e+00
  -4.9979012e+00
  -4.9979012e+00
  -4.9979012e+00
  -4.9978783e+00
  -4.9978783e+00
  -4.9978783e+00
  -4.9978783e+00
  -4.9978783e+00
  -4.9978783e+00
  -4.9978783e+00
  -4.9978783e+00
  -4.9978783e+00
  -4.9978783e+00
  -4.9978783e+00
  -4.9978783e+00
  -4.9978783e+00
  -4.9978783e+00
  -4.9978783e+00
  -4.9978550e+00
  -4.9978550e+00
  -4.9978550e+00
  -4.9978550e+00
  -4.9978550e+00
  -4.9978550e+00
  -4.9978550e+00
  -4.9978550e+00
  -4.9978550e+00
  -4.9978550e+00
  -4.9978550e+00
  -4.9978550e+00
  -4.9978550e+00
  -4.9978550e+00
  -4.9978550e+00
  -4.9978319e+00
  -4.9978319e+00
  -4.9978319e+00
  -4.9978319e+00
  -4.9978319e+00
  -4.9978319e+00
  -4.9978319e+00
  -4.9978319e+00
  -4.9978319e+00
  -4.9978319e+00
  -4.9978319e+00
  -4.9978319e+00
  -4.9978319e+00
  -4.9978319e+00
  -4.9978092e+00
  -4.9978092e+00
  -4.9978092e+00
  -4.9978092e+00
  -4.9978092e+00
  -4.9978092e+00
  -4.9978092e+00
  -4.9978092e+00
  -4.9978092e+00
  -4.9978092e+00
  -4.9978092e+00
  -4.9978092e+00
  -4.9978092e+00
  -4.9978092e+00
  -4.9977862e+00
  -4.9977862e+00
  -4.9977862e+00
  -4.9977862e+00
  -4.9977862e+00
  -4.9977862e+00
  -4.9977862e+00
  -4.9977862e+00
  -4.9977862e+00
  -4.9977862e+00
  -4.9977862e+00
  -4.9977862e+00
  -4.9977862e+00
  -4.9977862e+00
  -4.9977862e+00
  -4.9977625e+00
  -4.9977625e+00
  -4.9977625e+00
  -4.9977625e+00
  -4.9977625e+00
  -4.9977625e+00
  -4.9977625e+00
  -4.9977625e+00
  -4.9977625e+00
  -4.9977625e+00
  -4.9977625e+00
  -4.9977625e+00
  -4.9977625e+00
  -4.9977625e+00
  -4.9977625e+00
  -4.9977393e+00
  -4.9977393e+00
  -4.9977393e+00
  -4.9977393e+00
  -4.9977393e+00
  -4.9977393e+00
  -4.9977393e+00
  -4.9977393e+00
  -4.9977393e+00
  -4.9977393e+00
  -4.9977393e+00
  -4.9977393e+00
  -4.9977393e+00
  -4.9977393e+00
  -4.9977158e+00
  -4.9977158e+00
  -4.9977158e+00
  -4.9977158e+00
  -4.9977158e+00
  -4.9977158e+00
  -4.9977158e+00
  -4.9977158e+00
  -4.9977158e+00
  -4.9977158e+00
  -4.9977158e+00
  -4.9977158e+00
  -4.9977158e+00
  -4.9977158e+00
  -4.9977158e+00
  -4.9976922e+00
  -4.9976922e+00
  -4.9976922e+00
  -4.9976922e+00
  -4.9976922e+00
  -4.9976922e+00
  -4.9976922e+00
  -4.9976922e+00
  -4.9976922e+00
  -4.9976922e+00
  -4.9976922e+00
  -4.9976922e+00
  -4.9976922e+00
  -4.9976922e+00
  -4.9976673e+00
  -4.9976673e+00
  -4.9976673e+00
  -4.9976673e+00
  -4.9976673e+00
  -4.9976673e+00
  -4.9976673e+00
  -4.9976673e+00
  -4.9976673e+00
  -4.9976673e+00
  -4.9976673e+00
  -4.9976673e+00
  -4.9976673e+00
  -4.9976673e+00
  -4.9976427e+00
  -4.9976427e+00
  -4.9976427e+00
  -4.9976427e+00
  -4.9976427e+00
  -4.9976427e+00
  -4.9976427e+00
  -4.9976427e+00
  -4.9976427e+00
  -4.9976427e+00
  -4.9976427e+00
  -4.9976427e+00
  -4.9976427e+00
  -4.9976174e+00
  -4.9976174e+00
  -4.9976174e+00
  -4.9976174e+00
  -4.9976174e+00
  -4.9976174e+00
  -4.9976174e+00
  -4.9976174e+00
  -4.9976174e+00
  -4.9976174e+00
  -4.9976174e+00
  -4.9976174e+00
  -4.9976174e+00
  -4.9976174e+00
  -4.9975933e+00
  -4.9975933e+00
  -4.9975933e+00
  -4.9975933e+00
  -4.9975933e+00
  -4.9975933e+00
  -4.9975933e+00
  -4.9975933e+00
  -4.9975933e+00
  -4.9975933e+00
  -4.9975933e+00
  -4.9975933e+00
  -4.9975933e+00
  -4.9975933e+00
  -4.9975693e+00
  -4.9975693e+00
  -4.9975693e+00
  -4.9975693e+00
  -4.9975693e+00
  -4.9975693e+00
  -4.9975693e+00
  -4.9975693e+00
  -4.9975693e+00
  -4.9975693e+00
  -4.9975693e+00
  -4.9975693e+00
  -4.9975693e+00
  -4.9975693e+00
  -4.9975444e+00
  -4.9975444e+00
  -4.9975444e+00
  -4.9975444e+00
  -4.9975444e+00
  -4.9975444e+00
  -4.9975444e+00
  -4.9975444e+00
  -4.9975444e+00
  -4.9975444e+00
  -4.9975444e+00
  -4.9975444e+00
  -4.9975444e+00
  -4.9975444e+00
  -4.9975444e+00
  -4.9975196e+00
  -4.9975196e+00
  -4.9975196e+00
  -4.9975196e+00
  -4.9975196e+00
  -4.9975196e+00
  -4.9975196e+00
  -4.9975196e+00
  -4.9975196e+00
  -4.9975196e+00
  -4.9975196e+00
  -4.9975196e+00
  -4.9975196e+00
  -4.9975196e+00
  -4.9975196e+00
  -4.9975196e+00
  -4.9974951e+00
  -4.9974951e+00
  -4.9974951e+00
  -4.9974951e+00
  -4.9974951e+00
  -4.9974951e+00
  -4.9974951e+00
  -4.9974951e+00
  -4.9974951e+00
  -4.9974951e+00
  -4.9974951e+00
  -4.9974951e+00
  -4.9974951e+00
  -4.9974951e+00
  -4.9974951e+00
  -4.9974951e+00
  -4.9974700e+00
  -4.9974700e+00
  -4.9974700e+00
  -4.9974700e+00
  -4.9974700e+00
  -4.9974700e+00
  -4.9974700e+00
  -4.9974700e+00
  -4.9974700e+00
  -4.9974700e+00
  -4.9974700e+00
  -4.9974700e+00
  -4.9974700e+00
  -4.9974700e+00
  -4.9974700e+00
  -4.9974700e+00
  -4.9974700e+00
  -4.9974453e+00
  -4.9974453e+00
  -4.9974453e+00
  -4.9974453e+00
  -4.9974453e+00
  -4.9974453e+00
  -4.9974453e+00
  -4.9974453e+00
  -4.9974453e+00
  -4.9974453e+00
  -4.9974453e+00
  -4.9974453e+00
  -4.9974453e+00
  -4.9974453e+00
  -4.9974453e+00
  -4.9974453e+00
  -4.9974453e+00
  -4.9974186e+00
  -4.9974186e+00
  -4.9974186e+00
  -4.9974186e+00
  -4.9974186e+00
  -4.9974186e+00
  -4.9974186e+00
  -4.9974186e+00
  -4.9973938e+00
  -4.9973938e+00
  -4.9973938e+00
  -4.9973938e+00
  -4.9973938e+00
  -4.9973938e+00
  -4.9973938e+00
  -4.9973938e+00
  -4.9973698e+00
  -4.9973698e+00
  -4.9973698e+00
  -4.9973698e+00
  -4.9973698e+00
  -4.9973698e+00
  -4.9973698e+00
  -4.9973439e+00
  -4.9973439e+00
  -4.9973439e+00
  -4.9973439e+00
  -4.9973439e+00
  -4.9973439e+00
  -4.9973439e+00
  -4.9973198e+00
  -4.9973198e+00
  -4.9973198e+00
  -4.9973198e+00
  -4.9973198e+00
  -4.9973198e+00
  -4.9973198e+00
  -4.9972951e+00
  -4.9972951e+00
  -4.9972951e+00
  -4.9972951e+00
  -4.9972951e+00
  -4.9972951e+00
  -4.9972951e+00
  -4.9972951e+00
  -4.9972951e+00
  -4.9972951e+00
  -4.9972951e+00
  -4.9972951e+00
  -4.9972951e+00
  -4.9972951e+00
  -4.9972951e+00
  -4.9972951e+00
  -4.9972688e+00
  -4.9972688e+00
  -4.9972688e+00
  -4.9972688e+00
  -4.9972688e+00
  -4.9972688e+00
  -4.9972688e+00
  -4.9972688e+00
  -4.9972688e+00
  -4.9972688e+00
  -4.9972688e+00
  -4.9972688e+00
  -4.9972688e+00
  -4.9972688e+00
  -4.9972688e+00
  -4.9972688e+00
  -4.9972688e+00
  -4.9972431e+00
  -4.9972431e+00
  -4.9972431e+00
  -4.9972431e+00
  -4.9972431e+00
  -4.9972431e+00
  -4.9972431e+00
  -4.9972161e+00
  -4.9972161e+00
  -4.9972161e+00
  -4.9972161e+00
  -4.9972161e+00
  -4.9972161e+00
  -4.9972161e+00
  -4.9971901e+00
  -4.9971901e+00
  -4.9971901e+00
  -4.9971901e+00
  -4.9971901e+00
  -4.9971901e+00
  -4.9971901e+00
  -4.9971633e+00
  -4.9971633e+00
  -4.9971633e+00
  -4.9971633e+00
  -4.9971633e+00
  -4.9971633e+00
  -4.9971633e+00
  -4.9971633e+00
  -4.9971633e+00
  -4.9971633e+00
  -4.9971633e+00
  -4.9971633e+00
  -4.9971633e+00
  -4.9971633e+00
  -4.9971633e+00
  -4.9971355e+00
  -4.9971355e+00
  -4.9971355e+00
  -4.9971355e+00
  -4.9971355e+00
  -4.9971355e+00
  -4.9971355e+00
  -4.9971355e+00
  -4.9971355e+00
  -4.9971355e+00
  -4.9971355e+00
  -4.9971355e+00
  -4.9971355e+00
  -4.9971355e+00
  -4.9971355e+00
  -4.9971081e+00
  -4.9971081e+00
  -4.9971081e+00
  -4.9971081e+00
  -4.9971081e+00
  -4.9971081e+00
  -4.9971081e+00
  -4.9971081e+00
  -4.9971081e+00
  -4.9971081e+00
  -4.9971081e+00
  -4.9971081e+00
  -4.9971081e+00
  -4.9971081e+00
  -4.9971081e+00
  -4.9970819e+00
  -4.9970819e+00
  -4.9970819e+00
  -4.9970819e+00
  -4.9970819e+00
  -4.9970819e+00
  -4.9970819e+00
  -4.9970819e+00
  -4.9970819e+00
  -4.9970819e+00
  -4.9970819e+00
  -4.9970819e+00
  -4.9970819e+00
  -4.9970819e+00
  -4.9970819e+00
  -4.9970533e+00
  -4.9970533e+00
  -4.9970533e+00
  -4.9970533e+00
  -4.9970533e+00
  -4.9970533e+00
  -4.9970533e+00
  -4.9970533e+00
  -4.9970533e+00
  -4.9970533e+00
  -4.9970533e+00
  -4.9970533e+00
  -4.9970533e+00
  -4.9970533e+00
  -4.9970533e+00
  -4.9970246e+00
  -4.9970246e+00
  -4.9970246e+00
  -4.9970246e+00
  -4.9970246e+00
  -4.9970246e+00
  -4.9970246e+00
  -4.9970246e+00
  -4.9970246e+00
  -4.9970246e+00
  -4.9970246e+00
  -4.9970246e+00
  -4.9970246e+00
  -4.9970246e+00
  -4.9970246e+00
  -4.9969957e+00
  -4.9969957e+00
  -4.9969957e+00
  -4.9969957e+00
  -4.9969957e+00
  -4.9969957e+00
  -4.9969957e+00
  -4.9969957e+00
  -4.9969957e+00
  -4.9969957e+00
  -4.9969957e+00
  -4.9969957e+00
  -4.9969957e+00
  -4.9969957e+00
  -4.9969957e+00
  -4.9969656e+00
  -4.9969656e+00
  -4.9969656e+00
  -4.9969656e+00
  -4.9969656e+00
  -4.9969656e+00
  -4.9969656e+00
  -4.9969656e+00
  -4.9969656e+00
  -4.9969656e+00
  -4.9969656e+00
  -4.9969656e+00
  -4.9969656e+00
  -4.9969656e+00
  -4.9969656e+00
  -4.9969656e+00
  -4.9969365e+00
  -4.9969365e+00
  -4.9969365e+00
  -4.9969365e+00
  -4.9969365e+00
  -4.9969365e+00
  -4.9969365e+00
  -4.9969365e+00
  -4.9969365e+00
  -4.9969365e+00
  -4.9969365e+00
  -4.9969365e+00
  -4.9969365e+00
  -4.9969365e+00
  -4.9969365e+00
  -4.9969365e+00
  -4.9969074e+00
  -4.9969074e+00
  -4.9969074e+00
  -4.9969074e+00
  -4.9969074e+00
  -4.9969074e+00
  -4.9969074e+00
  -4.9969074e+00
  -4.9969074e+00
  -4.9969074e+00
  -4.9969074e+00
  -4.9969074e+00
  -4.9969074e+00
  -4.9969074e+00
  -4.9969074e+00
  -4.9969074e+00
  -4.9968788e+00
  -4.9968788e+00
  -4.9968788e+00
  -4.9968788e+00
  -4.9968788e+00
  -4.9968788e+00
  -4.9968788e+00
  -4.9968494e+00
  -4.9968494e+00
  -4.9968494e+00
  -4.9968494e+00
  -4.9968494e+00
  -4.9968494e+00
  -4.9968494e+00
  -4.9968494e+00
  -4.9968494e+00
  -4.9968494e+00
  -4.9968494e+00
  -4.9968494e+00
  -4.9968494e+00
  -4.9968494e+00
  -4.9968494e+00
  -4.9968494e+00
  -4.9968206e+00
  -4.9968206e+00
  -4.9968206e+00
  -4.9968206e+00
  -4.9968206e+00
  -4.9968206e+00
  -4.9968206e+00
  -4.9968206e+00
  -4.9968206e+00
  -4.9968206e+00
  -4.9968206e+00
  -4.9968206e+00
  -4.9968206e+00
  -4.9968206e+00
  -4.9968206e+00
  -4.9968206e+00
  -4.9967910e+00
  -4.9967910e+00
  -4.9967910e+00
  -4.9967910e+00
  -4.9967910e+00
  -4.9967910e+00
  -4.9967910e+00
  -4.9967910e+00
  -4.9967631e+00
  -4.9967631e+00
  -4.9967631e+00
  -4.9967631e+00
  -4.9967631e+00
  -4.9967631e+00
  -4.9967631e+00
  -4.9967631e+00
  -4.9967631e+00
  -4.9967631e+00
  -4.9967631e+00
  -4.9967631e+00
  -4.9967631e+00
  -4.9967631e+00
  -4.9967631e+00
  -4.9967631e+00
  -4.9967631e+00
  -4.9967631e+00
  -4.9967331e+00
  -4.9967331e+00
  -4.9967331e+00
  -4.9967331e+00
  -4.9967331e+00
  -4.9967331e+00
  -4.9967331e+00
  -4.9967057e+00
  -4.9967057e+00
  -4.9967057e+00
  -4.9967057e+00
  -4.9967057e+00
  -4.9967057e+00
  -4.9967057e+00
  -4.9967057e+00
  -4.9966787e+00
  -4.9966787e+00
  -4.9966787e+00
  -4.9966787e+00
  -4.9966787e+00
  -4.9966787e+00
  -4.9966787e+00
  -4.9966787e+00
  -4.9966787e+00
  -4.9966787e+00
  -4.9966787e+00
  -4.9966787e+00
  -4.9966787e+00
  -4.9966787e+00
  -4.9966787e+00
  -4.9966787e+00
  -4.9966787e+00
  -4.9966787e+00
  -4.9966787e+00
  -4.9966496e+00
  -4.9966496e+00
  -4.9966496e+00
  -4.9966496e+00
  -4.9966496e+00
  -4.9966496e+00
  -4.9966496e+00
  -4.9966496e+00
  -4.9966496e+00
  -4.9966204e+00
  -4.9966204e+00
  -4.9966204e+00
  -4.9966204e+00
  -4.9966204e+00
  -4.9966204e+00
  -4.9966204e+00
  -4.9966204e+00
  -4.9966204e+00
  -4.9966204e+00
  -4.9965900e+00
  -4.9965900e+00
  -4.9965900e+00
  -4.9965900e+00
  -4.9965900e+00
  -4.9965900e+00
  -4.9965900e+00
  -4.9965900e+00
  -4.9965900e+00
  -4.9965900e+00
  -4.9965900e+00
  -4.9965610e+00
  -4.9965610e+00
  -4.9965610e+00
  -4.9965610e+00
  -4.9965610e+00
  -4.9965610e+00
  -4.9965610e+00
  -4.9965610e+00
  -4.9965610e+00
  -4.9965610e+00
  -4.9965610e+00
  -4.9965315e+00
  -4.9965315e+00
  -4.9965315e+00
  -4.9965315e+00
  -4.9965315e+00
  -4.9965315e+00
  -4.9965315e+00
  -4.9965315e+00
  -4.9965315e+00
  -4.9965315e+00
  -4.9965315e+00
  -4.9965315e+00
  -4.9965315e+00
  -4.9965027e+00
  -4.9965027e+00
  -4.9965027e+00
  -4.9965027e+00
  -4.9965027e+00
  -4.9965027e+00
  -4.9965027e+00
  -4.9965027e+00
  -4.9965027e+00
  -4.9965027e+00
  -4.9965027e+00
  -4.9965027e+00
  -4.9965027e+00
  -4.9964748e+00
  -4.9964748e+00
  -4.9964748e+00
  -4.9964748e+00
  -4.9964748e+00
  -4.9964748e+00
  -4.9964748e+00
  -4.9964748e+00
  -4.9964748e+00
  -4.9964748e+00
  -4.9964748e+00
  -4.9964748e+00
  -4.9964748e+00
  -4.9964748e+00
  -4.9964456e+00
  -4.9964456e+00
  -4.9964456e+00
  -4.9964456e+00
  -4.9964456e+00
  -4.9964456e+00
  -4.9964456e+00
  -4.9964456e+00
  -4.9964456e+00
  -4.9964456e+00
  -4.9964456e+00
  -4.9964456e+00
  -4.9964456e+00
  -4.9964456e+00
  -4.9964163e+00
  -4.9964163e+00
  -4.9964163e+00
  -4.9964163e+00
  -4.9964163e+00
  -4.9964163e+00
  -4.9964163e+00
  -4.9964163e+00
  -4.9964163e+00
  -4.9964163e+00
  -4.9964163e+00
  -4.9964163e+00
  -4.9964163e+00
  -4.9964163e+00
  -4.9963861e+00
  -4.9963861e+00
  -4.9963861e+00
  -4.9963861e+00
  -4.9963861e+00
  -4.9963861e+00
  -4.9963861e+00
  -4.9963861e+00
  -4.9963861e+00
  -4.9963861e+00
  -4.9963861e+00
  -4.9963861e+00
  -4.9963861e+00
  -4.9963546e+00
  -4.9963546e+00
  -4.9963546e+00
  -4.9963546e+00
  -4.9963546e+00
  -4.9963546e+00
  -4.9963546e+00
  -4.9963546e+00
  -4.9963546e+00
  -4.9963546e+00
  -4.9963546e+00
  -4.9963546e+00
  -4.9963546e+00
  -4.9963546e+00
  -4.9963204e+00
  -4.9963204e+00
  -4.9963204e+00
  -4.9963204e+00
  -4.9963204e+00
  -4.9963204e+00
  -4.9963204e+00
  -4.9963204e+00
  -4.9963204e+00
  -4.9963204e+00
  -4.9963204e+00
  -4.9963204e+00
  -4.9963204e+00
  -4.9963204e+00
  -4.9963204e+00
  -4.9962869e+00
  -4.9962869e+00
  -4.9962869e+00
  -4.9962869e+00
  -4.9962869e+00
  -4.9962869e+00
  -4.9962869e+00
  -4.9962869e+00
  -4.9962869e+00
  -4.9962869e+00
  -4.9962869e+00
  -4.9962869e+00
  -4.9962869e+00
  -4.9962869e+00
  -4.9962869e+00
  -4.9962869e+00
  -4.9962556e+00
  -4.9962556e+00
  -4.9962556e+00
  -4.9962556e+00
  -4.9962556e+00
  -4.9962556e+00
  -4.9962556e+00
  -4.9962556e+00
  -4.9962556e+00
  -4.9962556e+00
  -4.9962556e+00
  -4.9962556e+00
  -4.9962556e+00
  -4.9962556e+00
  -4.9962556e+00
  -4.9962556e+00
  -4.9962219e+00
  -4.9962219e+00
  -4.9962219e+00
  -4.9962219e+00
  -4.9962219e+00
  -4.9962219e+00
  -4.9962219e+00
  -4.9962219e+00
  -4.9962219e+00
  -4.9962219e+00
  -4.9962219e+00
  -4.9962219e+00
  -4.9962219e+00
  -4.9962219e+00
  -4.9962219e+00
  -4.9961894e+00
  -4.9961894e+00
  -4.9961894e+00
  -4.9961894e+00
  -4.9961894e+00
  -4.9961894e+00
  -4.9961894e+00
  -4.9961894e+00
  -4.9961894e+00
  -4.9961894e+00
  -4.9961894e+00
  -4.9961894e+00
  -4.9961894e+00
  -4.9961894e+00
  -4.9961894e+00
  -4.9961894e+00
  -4.9961547e+00
  -4.9961547e+00
  -4.9961547e+00
  -4.9961547e+00
  -4.9961547e+00
  -4.9961547e+00
  -4.9961547e+00
  -4.9961547e+00
  -4.9961547e+00
  -4.9961547e+00
  -4.9961547e+00
  -4.9961547e+00
  -4.9961547e+00
  -4.9961547e+00
  -4.9961215e+00
  -4.9961215e+00
  -4.9961215e+00
  -4.9961215e+00
  -4.9961215e+00
  -4.9961215e+00
  -4.9961215e+00
  -4.9961215e+00
  -4.9961215e+00
  -4.9961215e+00
  -4.9961215e+00
  -4.9961215e+00
  -4.9961215e+00
  -4.9961215e+00
  -4.9960901e+00
  -4.9960901e+00
  -4.9960901e+00
  -4.9960901e+00
  -4.9960901e+00
  -4.9960901e+00
  -4.9960901e+00
  -4.9960901e+00
  -4.9960901e+00
  -4.9960901e+00
  -4.9960901e+00
  -4.9960901e+00
  -4.9960901e+00
  -4.9960901e+00
  -4.9960579e+00
  -4.9960579e+00
  -4.9960579e+00
  -4.9960579e+00
  -4.9960579e+00
  -4.9960579e+00
  -4.9960579e+00
  -4.9960579e+00
  -4.9960579e+00
  -4.9960579e+00
  -4.9960579e+00
  -4.9960579e+00
  -4.9960579e+00
  -4.9960579e+00
  -4.9960247e+00
  -4.9960247e+00
  -4.9960247e+00
  -4.9960247e+00
  -4.9960247e+00
  -4.9960247e+00
  -4.9960247e+00
  -4.9960247e+00
  -4.9960247e+00
  -4.9960247e+00
  -4.9960247e+00
  -4.9960247e+00
  -4.9960247e+00
  -4.9960247e+00
  -4.9960247e+00
  -4.9959919e+00
  -4.9959919e+00
  -4.9959919e+00
  -4.9959919e+00
  -4.9959919e+00
  -4.9959919e+00
  -4.9959919e+00
  -4.9959919e+00
  -4.9959919e+00
  -4.9959919e+00
  -4.9959919e+00
  -4.9959919e+00
  -4.9959919e+00
  -4.9959919e+00
  -4.9959584e+00
  -4.9959584e+00
  -4.9959584e+00
  -4.9959584e+00
  -4.9959584e+00
  -4.9959584e+00
  -4.9959584e+00
  -4.9959584e+00
  -4.9959584e+00
  -4.9959584e+00
  -4.9959584e+00
  -4.9959584e+00
  -4.9959584e+00
  -4.9959237e+00
  -4.9959237e+00
  -4.9959237e+00
  -4.9959237e+00
  -4.9959237e+00
  -4.9959237e+00
  -4.9959237e+00
  -4.9959237e+00
  -4.9959237e+00
  -4.9959237e+00
  -4.9959237e+00
  -4.9959237e+00
  -4.9959237e+00
  -4.9958884e+00
  -4.9958884e+00
  -4.9958884e+00
  -4.9958884e+00
  -4.9958884e+00
  -4.9958884e+00
  -4.9958884e+00
  -4.9958884e+00
  -4.9958884e+00
  -4.9958884e+00
  -4.9958884e+00
  -4.9958884e+00
  -4.9958884e+00
  -4.9958532e+00
  -4.9958532e+00
  -4.9958532e+00
  -4.9958532e+00
  -4.9958532e+00
  -4.9958532e+00
  -4.9958532e+00
  -4.9958532e+00
  -4.9958532e+00
  -4.9958532e+00
  -4.9958532e+00
  -4.9958155e+00
  -4.9958155e+00
  -4.9958155e+00
  -4.9958155e+00
  -4.9958155e+00
  -4.9958155e+00
  -4.9958155e+00
  -4.9958155e+00
  -4.9958155e+00
  -4.9958155e+00
  -4.9957791e+00
  -4.9957791e+00
  -4.9957791e+00
  -4.9957791e+00
  -4.9957791e+00
  -4.9957791e+00
  -4.9957791e+00
  -4.9957791e+00
  -4.9957791e+00
  -4.9957791e+00
  -4.9957451e+00
  -4.9957451e+00
  -4.9957451e+00
  -4.9957451e+00
  -4.9957451e+00
  -4.9957451e+00
  -4.9957451e+00
  -4.9957451e+00
  -4.9957451e+00
  -4.9957113e+00
  -4.9957113e+00
  -4.9957113e+00
  -4.9957113e+00
  -4.9957113e+00
  -4.9957113e+00
  -4.9957113e+00
  -4.9957113e+00
  -4.9957113e+00
  -4.9956737e+00
  -4.9956737e+00
  -4.9956737e+00
  -4.9956737e+00
  -4.9956737e+00
  -4.9956737e+00
  -4.9956737e+00
  -4.9956737e+00
  -4.9956737e+00
  -4.9956737e+00
  -4.9956361e+00
  -4.9956361e+00
  -4.9956361e+00
  -4.9956361e+00
  -4.9956361e+00
  -4.9956361e+00
  -4.9956361e+00
  -4.9956361e+00
  -4.9956361e+00
  -4.9955986e+00
  -4.9955986e+00
  -4.9955986e+00
  -4.9955986e+00
  -4.9955986e+00
  -4.9955986e+00
  -4.9955986e+00
  -4.9955986e+00
  -4.9955986e+00
  -4.9955612e+00
  -4.9955612e+00
  -4.9955612e+00
  -4.9955612e+00
  -4.9955612e+00
  -4.9955612e+00
  -4.9955612e+00
  -4.9955612e+00
  -4.9955612e+00
  -4.9955612e+00
  -4.9955612e+00
  -4.9955264e+00
  -4.9955264e+00
  -4.9955264e+00
  -4.9955264e+00
  -4.9955264e+00
  -4.9955264e+00
  -4.9955264e+00
  -4.9955264e+00
  -4.9955264e+00
  -4.9955264e+00
  -4.9955264e+00
  -4.9955264e+00
  -4.9954896e+00
  -4.9954896e+00
  -4.9954896e+00
  -4.9954896e+00
  -4.9954896e+00
  -4.9954896e+00
  -4.9954896e+00
  -4.9954896e+00
  -4.9954896e+00
  -4.9954896e+00
  -4.9954896e+00
  -4.9954896e+00
  -4.9954528e+00
  -4.9954528e+00
  -4.9954528e+00
  -4.9954528e+00
  -4.9954528e+00
  -4.9954528e+00
  -4.9954528e+00
  -4.9954528e+00
  -4.9954528e+00
  -4.9954528e+00
  -4.9954528e+00
  -4.9954528e+00
  -4.9954160e+00
  -4.9954160e+00
  -4.9954160e+00
  -4.9954160e+00
  -4.9954160e+00
  -4.9954160e+00
  -4.9954160e+00
  -4.9954160e+00
  -4.9954160e+00
  -4.9954160e+00
  -4.9954160e+00
  -4.9954160e+00
  -4.9953792e+00
  -4.9953792e+00
  -4.9953792e+00
  -4.9953792e+00
  -4.9953792e+00
  -4.9953792e+00
  -4.9953792e+00
  -4.9953792e+00
  -4.9953792e+00
  -4.9953792e+00
  -4.9953792e+00
  -4.9953792e+00
  -4.9953424e+00
  -4.9953424e+00
  -4.9953424e+00
  -4.9953424e+00
  -4.9953424e+00
  -4.9953424e+00
  -4.9953424e+00
  -4.9953424e+00
  -4.9953424e+00
  -4.9953424e+00
  -4.9953424e+00
  -4.9953424e+00
  -4.9953056e+00
  -4.9953056e+00
  -4.9953056e+00
  -4.9953056e+00
  -4.9953056e+00
  -4.9953056e+00
  -4.9953056e+00
  -4.9953056e+00
  -4.9953056e+00
  -4.9953056e+00
  -4.9953056e+00
  -4.9953056e+00
  -4.9952688e+00
  -4.9952688e+00
  -4.9952688e+00
  -4.9952688e+00
  -4.9952688e+00
  -4.9952688e+00
  -4.9952688e+00
  -4.9952688e+00
  -4.9952688e+00
  -4.9952688e+00
  -4.9952688e+00
  -4.9952688e+00
  -4.9952320e+00
  -4.9952320e+00
  -4.9952320e+00
  -4.9952320e+00
  -4.9952320e+00
  -4.9952320e+00
  -4.9952320e+00
  -4.9952320e+00
  -4.9952320e+00
  -4.9952320e+00
  -4.9952320e+00
  -4.9952320e+00
  -4.9951952e+00
  -4.9951952e+00
  -4.9951952e+00
  -4.9951952e+00
  -4.9951952e+00
  -4.9951952e+00
  -4.9951952e+00
  -4.9951952e+00
  -4.9951952e+00
  -4.9951952e+00
  -4.9951952e+00
  -4.9951952e+00
  -4.9951952e+00
  -4.9951952e+00
  -4.9951952e+00
  -4.9951952e+00
  -4.9951952e+00
  -4.9951952e+00
  -4.9951952e+00
  -4.9951952e+00
  -4.9951952e+00
  -4.9951952e+00
  -4.9951952e+00
  -4.9951952e+00
  -4.9951952e+00
  -4.9951952e+00
  -4.9951952e+00
  -4.9951952e+00
  -4.9951952e+00
  -4.9951952e+00
  -4.9951952e+00
  -4.9951952e+00
  -4.9951952e+00
  -4.9951584e+00
  -4.9951584e+00
  -4.9951584e+00
  -4.9951584e+00
  -4.9951584e+00
  -4.9951584e+00
  -4.9951584e+00
  -4.9951584e+00
  -4.9951584e+00
  -4.9951584e+00
  -4.9951584e+00
  -4.9951584e+00
  -4.9951584e+00
  -4.9951584e+00
  -4.9951584e+00
  -4.9951584e+00
  -4.9951584e+00
  -4.9951584e+00
  -4.9951584e+00
  -4.9951584e+00
  -4.9951584e+00
  -4.9951584e+00
  -4.9951584e+00
  -4.9951584e+00
  -4.9951584e+00
  -4.9951584e+00
  -4.9951584e+00
  -4.9951584e+00
  -4.9951584e+00
  -4.9951584e+00
  -4.9951584e+00
  -4.9951584e+00
  -4.9951584e+00
  -4.9951584e+00
  -4.9951584e+00
  -4.9951584e+00
  -4.9951584e+00
  -4.9951584e+00
  -4.9951584e+00
  -4.9951584e+00
  -4.9951584e+00
  -4.9951584e+00
  -4.9951584e+00
  -4.9951584e+00
  -4.9951584e+00
  -4.9951584e+00
  -4.9951584e+00
  -4.9951584e+00
  -4.9951584e+00
  -4.9951584e+00
  -4.9951584e+00
  -4.9951584e+00
  -4.9951584e+00
  -4.9951584e+00
  -4.9951584e+00
  -4.9951584e+00
  -4.9951584e+00
  -4.9951584e+00
  -4.9951584e+00
  -4.9951584e+00
  -4.9951584e+00
  -4.9951584e+00
  -4.9951584e+00
  -4.9951584e+00
  -4.9951584e+00
  -4.9951584e+00
  -4.9951584e+00
  -4.9951584e+00
  -4.9951584e+00
  -4.9951584e+00
  -4.9951584e+00
  -4.9951584e+00
  -4.9951584e+00
  -4.9951584e+00
  -4.9951584e+00
  -4.9951584e+00
  -4.9951584e+00
  -4.9951584e+00
  -4.9951584e+00
  -4.9951584e+00
  -4.9951584e+00
  -4.9951584e+00
  -4.9951584e+00
  -4.9951584e+00
  -4.9951584e+00
  -4.9951584e+00
  -4.9951584e+00
  -4.9951584e+00
  -4.9951584e+00
  -4.9951584e+00
  -4.9951584e+00
  -4.9951584e+00
  -4.9951584e+00
  -4.9951584e+00
  -4.9951584e+00
  -4.9951584e+00
  -4.9951584e+00
  -4.9951584e+00
  -4.9951584e+00
  -4.9951584e+00
  -4.9951584e+00
  -4.9951584e+00
  -4.9951584e+00
  -4.9951584e+00
  -4.9951584e+00
  -4.9951584e+00
  -4.9951584e+00
  -4.9951584e+00
  -4.9951584e+00
  -4.9951584e+00
  -4.9951584e+00
  -4.9951584e+00
  -4.9951584e+00
  -4.9951584e+00
  -4.9951584e+00
  -4.9951584e+00
  -4.9951584e+00
  -4.9951584e+00
  -4.9951584e+00
  -4.9951584e+00
  -4.9951584e+00
  -4.9951584e+00
  -4.9951584e+00
  -4.9951584e+00
  -4.9951584e+00
  -4.9951584e+00
  -4.9951584e+00
  -4.9951584e+00
  -4.9951584e+00
  -4.9951584e+00
  -4.9951584e+00
  -4.9951584e+00
  -4.9951584e+00
  -4.9951584e+00
  -4.9951584e+00
  -4.9951584e+00
  -4.9951584e+00
  -4.9951584e+00
  -4.9951584e+00
  -4.9951584e+00
  -4.9951584e+00
  -4.9951584e+00
  -4.9951584e+00
  -4.9951584e+00
  -4.9951584e+00
  -4.9951584e+00
  -4.9951584e+00
  -4.9951584e+00
  -4.9951584e+00
  -4.9951584e+00
  -4.9951584e+00
  -4.9951584e+00
  -4.9951584e+00
  -4.9951584e+00
  -4.9951584e+00
  -4.9951584e+00
  -4.9951584e+00
  -4.9951584e+00
  -4.9951584e+00
  -4.9951584e+00
  -4.9951584e+00
  -4.9951584e+00
  -4.9951584e+00
  -4.9951584e+00
  -4.9951584e+00
  -4.9951584e+00
  -4.9951584e+00
  -4.9951584e+00
  -4.9951584e+00
  -4.9951584e+00
  -4.9951584e+00
  -4.9951584e+00
  -4.9951584e+00
  -4.9951584e+00
  -4.9951584e+00
  -4.9951584e+00
  -4.9951584e+00
  -4.9951584e+00
  -4.9951584e+00
  -4.9951584e+00
  -4.9951584e+00
  -4.9951584e+00
  -4.9951584e+00
  -4.9951584e+00
  -4.9951584e+00
  -4.9951584e+00
  -4.9951584e+00
  -4.9951584e+00
  -4.9951584e+00
  -4.9951584e+00
  -4.9951584e+00
  -4.9951584e+00
  -4.9951584e+00
  -4.9951584e+00
  -4.9951584e+00
  -4.9951584e+00
  -4.9951206e+00
  -4.9951206e+00
  -4.9951206e+00
  -4.9951206e+00
  -4.9951206e+00
  -4.9951206e+00
  -4.9950802e+00
  -4.9950802e+00
  -4.9950802e+00
  -4.9950802e+00
  -4.9950802e+00
  -4.9950451e+00
  -4.9950451e+00
  -4.9950451e+00
  -4.9950451e+00
  -4.9950451e+00
  -4.9950451e+00
  -4.9950451e+00
  -4.9950451e+00
  -4.9950451e+00
  -4.9950451e+00
  -4.9950451e+00
  -4.9950112e+00
  -4.9950112e+00
  -4.9950112e+00
  -4.9950112e+00
  -4.9950112e+00
  -4.9950112e+00
  -4.9950112e+00
  -4.9950112e+00
  -4.9950112e+00
  -4.9950112e+00
  -4.9949792e+00
  -4.9949792e+00
  -4.9949792e+00
  -4.9949792e+00
  -4.9949792e+00
  -4.9949792e+00
  -4.9949792e+00
  -4.9949792e+00
  -4.9949470e+00
  -4.9949470e+00
  -4.9949470e+00
  -4.9949470e+00
  -4.9949470e+00
  -4.9949470e+00
  -4.9949141e+00
  -4.9949141e+00
  -4.9949141e+00
  -4.9949141e+00
  -4.9949141e+00
  -4.9948827e+00
  -4.9948827e+00
  -4.9948827e+00
  -4.9948827e+00
  -4.9948827e+00
  -4.9948827e+00
  -4.9948827e+00
  -4.9948827e+00
  -4.9948827e+00
  -4.9948827e+00
  -4.9948827e+00
  -4.9948500e+00
  -4.9948500e+00
  -4.9948500e+00
  -4.9948500e+00
  -4.9948500e+00
  -4.9948500e+00
  -4.9948500e+00
  -4.9948500e+00
  -4.9948500e+00
  -4.9948500e+00
  -4.9948194e+00
  -4.9948194e+00
  -4.9948194e+00
  -4.9948194e+00
  -4.9948194e+00
  -4.9948194e+00
  -4.9948194e+00
  -4.9948194e+00
  -4.9948194e+00
  -4.9948194e+00
  -4.9947898e+00
  -4.9947898e+00
  -4.9947898e+00
  -4.9947898e+00
  -4.9947898e+00
  -4.9947898e+00
  -4.9947898e+00
  -4.9947898e+00
  -4.9947898e+00
  -4.9947898e+00
  -4.9947609e+00
  -4.9947609e+00
  -4.9947609e+00
  -4.9947609e+00
  -4.9947609e+00
  -4.9947609e+00
  -4.9947609e+00
  -4.9947609e+00
  -4.9947609e+00
  -4.9947609e+00
  -4.9947332e+00
  -4.9947332e+00
  -4.9947332e+00
  -4.9947332e+00
  -4.9947332e+00
  -4.9947332e+00
  -4.9947332e+00
  -4.9947332e+00
  -4.9947332e+00
  -4.9947042e+00
  -4.9947042e+00
  -4.9947042e+00
  -4.9947042e+00
  -4.9947042e+00
  -4.9947042e+00
  -4.9947042e+00
  -4.9947042e+00
  -4.9947042e+00
  -4.9946752e+00
  -4.9946752e+00
  -4.9946752e+00
  -4.9946752e+00
  -4.9946752e+00
  -4.9946752e+00
  -4.9946752e+00
  -4.9946752e+00
  -4.9946450e+00
  -4.9946450e+00
  -4.9946450e+00
  -4.9946450e+00
  -4.9946450e+00
  -4.9946450e+00
  -4.9946450e+00
  -4.9946450e+00
  -4.9946123e+00
  -4.9946123e+00
  -4.9946123e+00
  -4.9946123e+00
  -4.9946123e+00
  -4.9946123e+00
  -4.9945767e+00
  -4.9945767e+00
  -4.9945767e+00
  -4.9945767e+00
  -4.9945767e+00
  -4.9945438e+00
  -4.9945438e+00
  -4.9945438e+00
  -4.9945438e+00
  -4.9945438e+00
  -4.9945438e+00
  -4.9945438e+00
  -4.9945109e+00
  -4.9945109e+00
  -4.9945109e+00
  -4.9945109e+00
  -4.9945109e+00
  -4.9945109e+00
  -4.9945109e+00
  -4.9945109e+00
  -4.9945109e+00
  -4.9945109e+00
  -4.9945109e+00
  -4.9945109e+00
  -4.9945109e+00
  -4.9944779e+00
  -4.9944779e+00
  -4.9944779e+00
  -4.9944779e+00
  -4.9944779e+00
  -4.9944779e+00
  -4.9944779e+00
  -4.9944779e+00
  -4.9944779e+00
  -4.9944779e+00
  -4.9944779e+00
  -4.9944779e+00
  -4.9944458e+00
  -4.9944458e+00
  -4.9944458e+00
  -4.9944458e+00
  -4.9944458e+00
  -4.9944458e+00
  -4.9944458e+00
  -4.9944458e+00
  -4.9944458e+00
  -4.9944458e+00
  -4.9944458e+00
  -4.9944458e+00
  -4.9944458e+00
  -4.9944123e+00
  -4.9944123e+00
  -4.9944123e+00
  -4.9944123e+00
  -4.9944123e+00
  -4.9944123e+00
  -4.9944123e+00
  -4.9944123e+00
  -4.9944123e+00
  -4.9944123e+00
  -4.9944123e+00
  -4.9944123e+00
  -4.9944123e+00
  -4.9944123e+00
  -4.9944123e+00
  -4.9944123e+00
  -4.9943788e+00
  -4.9943788e+00
  -4.9943788e+00
  -4.9943788e+00
  -4.9943788e+00
  -4.9943788e+00
  -4.9943788e+00
  -4.9943788e+00
  -4.9943788e+00
  -4.9943788e+00
  -4.9943788e+00
  -4.9943788e+00
  -4.9943788e+00
  -4.9943788e+00
  -4.9943788e+00
  -4.9943788e+00
  -4.9943788e+00
  -4.9943788e+00
  -4.9943461e+00
  -4.9943461e+00
  -4.9943461e+00
  -4.9943461e+00
  -4.9943461e+00
  -4.9943461e+00
  -4.9943461e+00
  -4.9943461e+00
  -4.9943461e+00
  -4.9943461e+00
  -4.9943461e+00
  -4.9943461e+00
  -4.9943461e+00
  -4.9943461e+00
  -4.9943461e+00
  -4.9943461e+00
  -4.9943461e+00
  -4.9943461e+00
  -4.9943461e+00
  -4.9943461e+00
  -4.9943461e+00
  -4.9943164e+00
  -4.9943164e+00
  -4.9943164e+00
  -4.9943164e+00
  -4.9943164e+00
  -4.9943164e+00
  -4.9943164e+00
  -4.9943164e+00
  -4.9943164e+00
  -4.9943164e+00
  -4.9942851e+00
  -4.9942851e+00
  -4.9942851e+00
  -4.9942851e+00
  -4.9942851e+00
  -4.9942851e+00
  -4.9942851e+00
  -4.9942851e+00
  -4.9942851e+00
  -4.9942508e+00
  -4.9942508e+00
  -4.9942508e+00
  -4.9942508e+00
  -4.9942508e+00
  -4.9942161e+00
  -4.9942161e+00
  -4.9942161e+00
  -4.9942161e+00
  -4.9941814e+00
  -4.9941814e+00
  -4.9941814e+00
  -4.9941814e+00
  -4.9941814e+00
  -4.9941814e+00
  -4.9941814e+00
  -4.9941814e+00
  -4.9941814e+00
  -4.9941814e+00
  -4.9941814e+00
  -4.9941814e+00
  -4.9941814e+00
  -4.9941814e+00
  -4.9941456e+00
  -4.9941456e+00
  -4.9941456e+00
  -4.9941456e+00
  -4.9941456e+00
  -4.9941456e+00
  -4.9941456e+00
  -4.9941456e+00
  -4.9941456e+00
  -4.9941456e+00
  -4.9941456e+00
  -4.9941456e+00
  -4.9941456e+00
  -4.9941456e+00
  -4.9941456e+00
  -4.9941456e+00
  -4.9941456e+00
  -4.9941456e+00
  -4.9941456e+00
  -4.9941121e+00
  -4.9941121e+00
  -4.9941121e+00
  -4.9941121e+00
  -4.9941121e+00
  -4.9941121e+00
  -4.9941121e+00
  -4.9941121e+00
  -4.9941121e+00
  -4.9941121e+00
  -4.9941121e+00
  -4.9941121e+00
  -4.9941121e+00
  -4.9941121e+00
  -4.9941121e+00
  -4.9941121e+00
  -4.9941121e+00
  -4.9941121e+00
  -4.9941121e+00
  -4.9941121e+00
  -4.9940830e+00
  -4.9940830e+00
  -4.9940830e+00
  -4.9940830e+00
  -4.9940830e+00
  -4.9940830e+00
  -4.9940830e+00
  -4.9940830e+00
  -4.9940830e+00
  -4.9940830e+00
  -4.9940830e+00
  -4.9940830e+00
  -4.9940555e+00
  -4.9940555e+00
  -4.9940555e+00
  -4.9940555e+00
  -4.9940555e+00
  -4.9940555e+00
  -4.9940555e+00
  -4.9940555e+00
  -4.9940555e+00
  -4.9940555e+00
  -4.9940555e+00
  -4.9940555e+00
  -4.9940555e+00
  -4.9940321e+00
  -4.9940321e+00
  -4.9940321e+00
  -4.9940321e+00
  -4.9940321e+00
  -4.9940321e+00
  -4.9940321e+00
  -4.9940321e+00
  -4.9940321e+00
  -4.9940321e+00
  -4.9940089e+00
  -4.9940089e+00
  -4.9940089e+00
  -4.9940089e+00
  -4.9940089e+00
  -4.9940089e+00
  -4.9940089e+00
  -4.9940089e+00
  -4.9940089e+00
  -4.9939835e+00
  -4.9939835e+00
  -4.9939835e+00
  -4.9939835e+00
  -4.9939835e+00
  -4.9939835e+00
  -4.9939835e+00
  -4.9939835e+00
  -4.9939835e+00
  -4.9939574e+00
  -4.9939574e+00
  -4.9939574e+00
  -4.9939574e+00
  -4.9939574e+00
  -4.9939574e+00
  -4.9939574e+00
  -4.9939574e+00
  -4.9939301e+00
  -4.9939301e+00
  -4.9939301e+00
  -4.9939301e+00
  -4.9939301e+00
  -4.9939301e+00
  -4.9939301e+00
  -4.9939301e+00
  -4.9939098e+00
  -4.9939098e+00
  -4.9939098e+00
  -4.9939098e+00
  -4.9939098e+00
  -4.9939098e+00
  -4.9939098e+00
  -4.9939098e+00
  -4.9938936e+00
  -4.9938936e+00
  -4.9938936e+00
  -4.9938936e+00
  -4.9938936e+00
  -4.9938936e+00
  -4.9938936e+00
  -4.9938778e+00
  -4.9938778e+00
  -4.9938778e+00
  -4.9938778e+00
  -4.9938778e+00
  -4.9938778e+00
  -4.9938778e+00
  -4.9938655e+00
  -4.9938655e+00
  -4.9938655e+00
  -4.9938655e+00
  -4.9938655e+00
  -4.9938655e+00
  -4.9938655e+00
  -4.9938655e+00
  -4.9938655e+00
  -4.9938482e+00
  -4.9938482e+00
  -4.9938482e+00
  -4.9938482e+00
  -4.9938482e+00
  -4.9938482e+00
  -4.9938482e+00
  -4.9938482e+00
  -4.9938482e+00
  -4.9938482e+00
  -4.9938282e+00
  -4.9938282e+00
  -4.9938282e+00
  -4.9938282e+00
  -4.9938282e+00
  -4.9938282e+00
  -4.9938282e+00
  -4.9938282e+00
  -4.9938282e+00
  -4.9938282e+00
  -4.9938282e+00
  -4.9938124e+00
  -4.9938124e+00
  -4.9938124e+00
  -4.9938124e+00
  -4.9938124e+00
  -4.9938124e+00
  -4.9938124e+00
  -4.9938124e+00
  -4.9938124e+00
  -4.9938124e+00
  -4.9938124e+00
  -4.9938124e+00
  -4.9938002e+00
  -4.9938002e+00
  -4.9938002e+00
  -4.9938002e+00
  -4.9938002e+00
  -4.9938002e+00
  -4.9938002e+00
  -4.9938002e+00
  -4.9938002e+00
  -4.9938002e+00
  -4.9938002e+00
  -4.9938002e+00
  -4.9938002e+00
  -4.9937892e+00
  -4.9937892e+00
  -4.9937892e+00
  -4.9937892e+00
  -4.9937892e+00
  -4.9937892e+00
  -4.9937892e+00
  -4.9937892e+00
  -4.9937892e+00
  -4.9937892e+00
  -4.9937892e+00
  -4.9937892e+00
  -4.9937892e+00
  -4.9937735e+00
  -4.9937735e+00
  -4.9937735e+00
  -4.9937735e+00
  -4.9937735e+00
  -4.9937735e+00
  -4.9937735e+00
  -4.9937735e+00
  -4.9937735e+00
  -4.9937735e+00
  -4.9937735e+00
  -4.9937735e+00
  -4.9937735e+00
  -4.9937735e+00
  -4.9937573e+00
  -4.9937573e+00
  -4.9937573e+00
  -4.9937573e+00
  -4.9937573e+00
  -4.9937573e+00
  -4.9937573e+00
  -4.9937573e+00
  -4.9937573e+00
  -4.9937573e+00
  -4.9937573e+00
  -4.9937573e+00
  -4.9937573e+00
  -4.9937573e+00
  -4.9937573e+00
  -4.9937419e+00
  -4.9937419e+00
  -4.9937419e+00
  -4.9937419e+00
  -4.9937419e+00
  -4.9937419e+00
  -4.9937419e+00
  -4.9937419e+00
  -4.9937419e+00
  -4.9937419e+00
  -4.9937419e+00
  -4.9937419e+00
  -4.9937419e+00
  -4.9937419e+00
  -4.9937419e+00
  -4.9937278e+00
  -4.9937278e+00
  -4.9937278e+00
  -4.9937278e+00
  -4.9937278e+00
  -4.9937278e+00
  -4.9937278e+00
  -4.9937278e+00
  -4.9937278e+00
  -4.9937278e+00
  -4.9937278e+00
  -4.9937278e+00
  -4.9937278e+00
  -4.9937278e+00
  -4.9937278e+00
  -4.9937278e+00
  -4.9937278e+00
  -4.9937100e+00
  -4.9937100e+00
  -4.9937100e+00
  -4.9937100e+00
  -4.9937100e+00
  -4.9937100e+00
  -4.9937100e+00
  -4.9937100e+00
  -4.9937100e+00
  -4.9937100e+00
  -4.9937100e+00
  -4.9937100e+00
  -4.9937100e+00
  -4.9937100e+00
  -4.9937100e+00
  -4.9937100e+00
  -4.9937100e+00
  -4.9937100e+00
  -4.9936891e+00
  -4.9936891e+00
  -4.9936891e+00
  -4.9936891e+00
  -4.9936891e+00
  -4.9936891e+00
  -4.9936891e+00
  -4.9936891e+00
  -4.9936891e+00
  -4.9936690e+00
  -4.9936690e+00
  -4.9936690e+00
  -4.9936690e+00
  -4.9936690e+00
  -4.9936690e+00
  -4.9936690e+00
  -4.9936690e+00
  -4.9936690e+00
  -4.9936452e+00
  -4.9936452e+00
  -4.9936452e+00
  -4.9936452e+00
  -4.9936452e+00
  -4.9936452e+00
  -4.9936452e+00
  -4.9936452e+00
  -4.9936452e+00
  -4.9936215e+00
  -4.9936215e+00
  -4.9936215e+00
  -4.9936215e+00
  -4.9936215e+00
  -4.9936215e+00
  -4.9936215e+00
  -4.9936215e+00
  -4.9936215e+00
  -4.9936215e+00
  -4.9936024e+00
  -4.9936024e+00
  -4.9936024e+00
  -4.9936024e+00
  -4.9936024e+00
  -4.9936024e+00
  -4.9936024e+00
  -4.9936024e+00
  -4.9936024e+00
  -4.9936024e+00
  -4.9936024e+00
  -4.9935854e+00
  -4.9935854e+00
  -4.9935854e+00
  -4.9935854e+00
  -4.9935854e+00
  -4.9935854e+00
  -4.9935854e+00
  -4.9935854e+00
  -4.9935854e+00
  -4.9935854e+00
  -4.9935854e+00
  -4.9935669e+00
  -4.9935669e+00
  -4.9935669e+00
  -4.9935669e+00
  -4.9935669e+00
  -4.9935669e+00
  -4.9935669e+00
  -4.9935669e+00
  -4.9935669e+00
  -4.9935669e+00
  -4.9935669e+00
  -4.9935669e+00
  -4.9935480e+00
  -4.9935480e+00
  -4.9935480e+00
  -4.9935480e+00
  -4.9935480e+00
  -4.9935480e+00
  -4.9935480e+00
  -4.9935480e+00
  -4.9935480e+00
  -4.9935480e+00
  -4.9935480e+00
  -4.9935288e+00
  -4.9935288e+00
  -4.9935288e+00
  -4.9935288e+00
  -4.9935288e+00
  -4.9935288e+00
  -4.9935288e+00
  -4.9935288e+00
  -4.9935288e+00
  -4.9935288e+00
  -4.9935288e+00
  -4.9935288e+00
  -4.9935087e+00
  -4.9935087e+00
  -4.9935087e+00
  -4.9935087e+00
  -4.9935087e+00
  -4.9935087e+00
  -4.9935087e+00
  -4.9935087e+00
  -4.9935087e+00
  -4.9935087e+00
  -4.9935087e+00
  -4.9935087e+00
  -4.9935087e+00
  -4.9934898e+00
  -4.9934898e+00
  -4.9934898e+00
  -4.9934898e+00
  -4.9934898e+00
  -4.9934898e+00
  -4.9934898e+00
  -4.9934898e+00
  -4.9934898e+00
  -4.9934898e+00
  -4.9934898e+00
  -4.9934898e+00
  -4.9934898e+00
  -4.9934703e+00
  -4.9934703e+00
  -4.9934703e+00
  -4.9934703e+00
  -4.9934703e+00
  -4.9934703e+00
  -4.9934703e+00
  -4.9934703e+00
  -4.9934703e+00
  -4.9934703e+00
  -4.9934703e+00
  -4.9934703e+00
  -4.9934703e+00
  -4.9934495e+00
  -4.9934495e+00
  -4.9934495e+00
  -4.9934495e+00
  -4.9934495e+00
  -4.9934495e+00
  -4.9934495e+00
  -4.9934495e+00
  -4.9934495e+00
  -4.9934495e+00
  -4.9934495e+00
  -4.9934495e+00
  -4.9934285e+00
  -4.9934285e+00
  -4.9934285e+00
  -4.9934285e+00
  -4.9934285e+00
  -4.9934285e+00
  -4.9934285e+00
  -4.9934285e+00
  -4.9934285e+00
  -4.9934285e+00
  -4.9934285e+00
  -4.9934285e+00
  -4.9934063e+00
  -4.9934063e+00
  -4.9934063e+00
  -4.9934063e+00
  -4.9934063e+00
  -4.9934063e+00
  -4.9934063e+00
  -4.9934063e+00
  -4.9934063e+00
  -4.9934063e+00
  -4.9934063e+00
  -4.9934063e+00
  -4.9933850e+00
  -4.9933850e+00
  -4.9933850e+00
  -4.9933850e+00
  -4.9933850e+00
  -4.9933850e+00
  -4.9933850e+00
  -4.9933850e+00
  -4.9933850e+00
  -4.9933850e+00
  -4.9933850e+00
  -4.9933634e+00
  -4.9933634e+00
  -4.9933634e+00
  -4.9933634e+00
  -4.9933634e+00
  -4.9933634e+00
  -4.9933634e+00
  -4.9933634e+00
  -4.9933634e+00
  -4.9933634e+00
  -4.9933634e+00
  -4.9933634e+00
  -4.9933429e+00
  -4.9933429e+00
  -4.9933429e+00
  -4.9933429e+00
  -4.9933429e+00
  -4.9933429e+00
  -4.9933429e+00
  -4.9933429e+00
  -4.9933429e+00
  -4.9933429e+00
  -4.9933429e+00
  -4.9933221e+00
  -4.9933221e+00
  -4.9933221e+00
  -4.9933221e+00
  -4.9933221e+00
  -4.9933221e+00
  -4.9933221e+00
  -4.9933221e+00
  -4.9933221e+00
  -4.9933221e+00
  -4.9933221e+00
  -4.9933026e+00
  -4.9933026e+00
  -4.9933026e+00
  -4.9933026e+00
  -4.9933026e+00
  -4.9933026e+00
  -4.9933026e+00
  -4.9933026e+00
  -4.9933026e+00
  -4.9933026e+00
  -4.9933026e+00
  -4.9932835e+00
  -4.9932835e+00
  -4.9932835e+00
  -4.9932835e+00
  -4.9932835e+00
  -4.9932835e+00
  -4.9932835e+00
  -4.9932835e+00
  -4.9932835e+00
  -4.9932835e+00
  -4.9932637e+00
  -4.9932637e+00
  -4.9932637e+00
  -4.9932637e+00
  -4.9932637e+00
  -4.9932637e+00
  -4.9932637e+00
  -4.9932637e+00
  -4.9932637e+00
  -4.9932637e+00
  -4.9932637e+00
  -4.9932435e+00
  -4.9932435e+00
  -4.9932435e+00
  -4.9932435e+00
  -4.9932435e+00
  -4.9932435e+00
  -4.9932435e+00
  -4.9932435e+00
  -4.9932435e+00
  -4.9932435e+00
  -4.9932221e+00
  -4.9932221e+00
  -4.9932221e+00
  -4.9932221e+00
  -4.9932221e+00
  -4.9932221e+00
  -4.9932221e+00
  -4.9932221e+00
  -4.9932221e+00
  -4.9932221e+00
  -4.9931996e+00
  -4.9931996e+00
  -4.9931996e+00
  -4.9931996e+00
  -4.9931996e+00
  -4.9931996e+00
  -4.9931996e+00
  -4.9931996e+00
  -4.9931996e+00
  -4.9931766e+00
  -4.9931766e+00
  -4.9931766e+00
  -4.9931766e+00
  -4.9931766e+00
  -4.9931766e+00
  -4.9931766e+00
  -4.9931766e+00
  -4.9931766e+00
  -4.9931555e+00
  -4.9931555e+00
  -4.9931555e+00
  -4.9931555e+00
  -4.9931555e+00
  -4.9931555e+00
  -4.9931555e+00
  -4.9931555e+00
  -4.9931555e+00
  -4.9931350e+00
  -4.9931350e+00
  -4.9931350e+00
  -4.9931350e+00
  -4.9931350e+00
  -4.9931350e+00
  -4.9931350e+00
  -4.9931350e+00
  -4.9931350e+00
  -4.9931131e+00
  -4.9931131e+00
  -4.9931131e+00
  -4.9931131e+00
  -4.9931131e+00
  -4.9931131e+00
  -4.9931131e+00
  -4.9931131e+00
  -4.9931131e+00
  -4.9930921e+00
  -4.9930921e+00
  -4.9930921e+00
  -4.9930921e+00
  -4.9930921e+00
  -4.9930921e+00
  -4.9930921e+00
  -4.9930921e+00
  -4.9930716e+00
  -4.9930716e+00
  -4.9930716e+00
  -4.9930716e+00
  -4.9930716e+00
  -4.9930716e+00
  -4.9930716e+00
  -4.9930716e+00
  -4.9930716e+00
  -4.9930510e+00
  -4.9930510e+00
  -4.9930510e+00
  -4.9930510e+00
  -4.9930510e+00
  -4.9930510e+00
  -4.9930510e+00
  -4.9930342e+00
  -4.9930342e+00
  -4.9930342e+00
  -4.9930342e+00
  -4.9930342e+00
  -4.9930342e+00
  -4.9930342e+00
  -4.9930342e+00
  -4.9930145e+00
  -4.9930145e+00
  -4.9930145e+00
  -4.9930145e+00
  -4.9930145e+00
  -4.9930145e+00
  -4.9930145e+00
  -4.9929953e+00
  -4.9929953e+00
  -4.9929953e+00
  -4.9929953e+00
  -4.9929953e+00
  -4.9929953e+00
  -4.9929953e+00
  -4.9929953e+00
  -4.9929775e+00
  -4.9929775e+00
  -4.9929775e+00
  -4.9929775e+00
  -4.9929775e+00
  -4.9929775e+00
  -4.9929775e+00
  -4.9929775e+00
  -4.9929775e+00
  -4.9929775e+00
  -4.9929775e+00
  -4.9929775e+00
  -4.9929775e+00
  -4.9929775e+00
  -4.9929775e+00
  -4.9929775e+00
  -4.9929775e+00
  -4.9929775e+00
  -4.9929775e+00
  -4.9929593e+00
  -4.9929593e+00
  -4.9929593e+00
  -4.9929593e+00
  -4.9929593e+00
  -4.9929593e+00
  -4.9929593e+00
  -4.9929593e+00
  -4.9929593e+00
  -4.9929373e+00
  -4.9929373e+00
  -4.9929373e+00
  -4.9929373e+00
  -4.9929373e+00
  -4.9929373e+00
  -4.9929373e+00
  -4.9929373e+00
  -4.9929373e+00
  -4.9929176e+00
  -4.9929176e+00
  -4.9929176e+00
  -4.9929176e+00
  -4.9929176e+00
  -4.9929176e+00
  -4.9929176e+00
  -4.9929176e+00
  -4.9929176e+00
  -4.9928993e+00
  -4.9928993e+00
  -4.9928993e+00
  -4.9928993e+00
  -4.9928993e+00
  -4.9928993e+00
  -4.9928993e+00
  -4.9928993e+00
  -4.9928993e+00
  -4.9928832e+00
  -4.9928832e+00
  -4.9928832e+00
  -4.9928832e+00
  -4.9928832e+00
  -4.9928832e+00
  -4.9928832e+00
  -4.9928652e+00
  -4.9928652e+00
  -4.9928652e+00
  -4.9928652e+00
  -4.9928652e+00
  -4.9928652e+00
  -4.9928652e+00
  -4.9928652e+00
  -4.9928478e+00
  -4.9928478e+00
  -4.9928478e+00
  -4.9928478e+00
  -4.9928478e+00
  -4.9928478e+00
  -4.9928478e+00
  -4.9928478e+00
  -4.9928478e+00
  -4.9928478e+00
  -4.9928478e+00
  -4.9928478e+00
  -4.9928478e+00
  -4.9928478e+00
  -4.9928478e+00
  -4.9928312e+00
  -4.9928312e+00
  -4.9928312e+00
  -4.9928312e+00
  -4.9928312e+00
  -4.9928312e+00
  -4.9928312e+00
  -4.9928179e+00
  -4.9928179e+00
  -4.9928179e+00
  -4.9928179e+00
  -4.9928179e+00
  -4.9928179e+00
  -4.9928179e+00
  -4.9928179e+00
  -4.9928179e+00
  -4.9928179e+00
  -4.9928179e+00
  -4.9928179e+00
  -4.9928179e+00
  -4.9928179e+00
  -4.9928038e+00
  -4.9928038e+00
  -4.9928038e+00
  -4.9928038e+00
  -4.9928038e+00
  -4.9928038e+00
  -4.9928038e+00
  -4.9928038e+00
  -4.9928038e+00
  -4.9928038e+00
  -4.9928038e+00
  -4.9928038e+00
  -4.9928038e+00
  -4.9927886e+00
  -4.9927886e+00
  -4.9927886e+00
  -4.9927886e+00
  -4.9927886e+00
  -4.9927886e+00
  -4.9927886e+00
  -4.9927886e+00
  -4.9927886e+00
  -4.9927886e+00
  -4.9927886e+00
  -4.9927886e+00
  -4.9927886e+00
  -4.9927725e+00
  -4.9927725e+00
  -4.9927725e+00
  -4.9927725e+00
  -4.9927725e+00
  -4.9927725e+00
  -4.9927725e+00
  -4.9927725e+00
  -4.9927725e+00
  -4.9927725e+00
  -4.9927725e+00
  -4.9927725e+00
  -4.9927554e+00
  -4.9927554e+00
  -4.9927554e+00
  -4.9927554e+00
  -4.9927554e+00
  -4.9927554e+00
  -4.9927554e+00
  -4.9927554e+00
  -4.9927554e+00
  -4.9927554e+00
  -4.9927554e+00
  -4.9927554e+00
  -4.9927389e+00
  -4.9927389e+00
  -4.9927389e+00
  -4.9927389e+00
  -4.9927389e+00
  -4.9927389e+00
  -4.9927389e+00
  -4.9927389e+00
  -4.9927389e+00
  -4.9927389e+00
  -4.9927389e+00
  -4.9927389e+00
  -4.9927250e+00
  -4.9927250e+00
  -4.9927250e+00
  -4.9927250e+00
  -4.9927250e+00
  -4.9927250e+00
  -4.9927250e+00
  -4.9927250e+00
  -4.9927250e+00
  -4.9927250e+00
  -4.9927250e+00
  -4.9927250e+00
  -4.9927093e+00
  -4.9927093e+00
  -4.9927093e+00
  -4.9927093e+00
  -4.9927093e+00
  -4.9927093e+00
  -4.9927093e+00
  -4.9927093e+00
  -4.9927093e+00
  -4.9926939e+00
  -4.9926939e+00
  -4.9926939e+00
  -4.9926939e+00
  -4.9926939e+00
  -4.9926939e+00
  -4.9926939e+00
  -4.9926939e+00
  -4.9926939e+00
  -4.9926793e+00
  -4.9926793e+00
  -4.9926793e+00
  -4.9926793e+00
  -4.9926793e+00
  -4.9926793e+00
  -4.9926793e+00
  -4.9926793e+00
  -4.9926793e+00
  -4.9926656e+00
  -4.9926656e+00
  -4.9926656e+00
  -4.9926656e+00
  -4.9926656e+00
  -4.9926656e+00
  -4.9926656e+00
  -4.9926656e+00
  -4.9926656e+00
  -4.9926656e+00
  -4.9926500e+00
  -4.9926500e+00
  -4.9926500e+00
  -4.9926500e+00
  -4.9926500e+00
  -4.9926500e+00
  -4.9926500e+00
  -4.9926500e+00
  -4.9926500e+00
  -4.9926500e+00
  -4.9926361e+00
  -4.9926361e+00
  -4.9926361e+00
  -4.9926361e+00
  -4.9926361e+00
  -4.9926361e+00
  -4.9926361e+00
  -4.9926361e+00
  -4.9926361e+00
  -4.9926361e+00
  -4.9926361e+00
  -4.9926210e+00
  -4.9926210e+00
  -4.9926210e+00
  -4.9926210e+00
  -4.9926210e+00
  -4.9926210e+00
  -4.9926210e+00
  -4.9926210e+00
  -4.9926210e+00
  -4.9926210e+00
  -4.9926060e+00
  -4.9926060e+00
  -4.9926060e+00
  -4.9926060e+00
  -4.9926060e+00
  -4.9926060e+00
  -4.9926060e+00
  -4.9926060e+00
  -4.9926060e+00
  -4.9926060e+00
  -4.9925893e+00
  -4.9925893e+00
  -4.9925893e+00
  -4.9925893e+00
  -4.9925893e+00
  -4.9925893e+00
  -4.9925893e+00
  -4.9925893e+00
  -4.9925893e+00
  -4.9925893e+00
  -4.9925740e+00
  -4.9925740e+00
  -4.9925740e+00
  -4.9925740e+00
  -4.9925740e+00
  -4.9925740e+00
  -4.9925740e+00
  -4.9925740e+00
  -4.9925740e+00
  -4.9925740e+00
  -4.9925620e+00
  -4.9925620e+00
  -4.9925620e+00
  -4.9925620e+00
  -4.9925620e+00
  -4.9925620e+00
  -4.9925620e+00
  -4.9925620e+00
  -4.9925620e+00
  -4.9925500e+00
  -4.9925500e+00
  -4.9925500e+00
  -4.9925500e+00
  -4.9925500e+00
  -4.9925500e+00
  -4.9925500e+00
  -4.9925500e+00
  -4.9925390e+00
  -4.9925390e+00
  -4.9925390e+00
  -4.9925390e+00
  -4.9925390e+00
  -4.9925390e+00
  -4.9925390e+00
  -4.9925390e+00
  -4.9925284e+00
  -4.9925284e+00
  -4.9925284e+00
  -4.9925284e+00
  -4.9925284e+00
  -4.9925284e+00
  -4.9925284e+00
  -4.9925284e+00
  -4.9925284e+00
  -4.9925161e+00
  -4.9925161e+00
  -4.9925161e+00
  -4.9925161e+00
  -4.9925161e+00
  -4.9925161e+00
  -4.9925161e+00
  -4.9925161e+00
  -4.9925161e+00
  -4.9925027e+00
  -4.9925027e+00
  -4.9925027e+00
  -4.9925027e+00
  -4.9925027e+00
  -4.9925027e+00
  -4.9925027e+00
  -4.9925027e+00
  -4.9925027e+00
  -4.9924905e+00
  -4.9924905e+00
  -4.9924905e+00
  -4.9924905e+00
  -4.9924905e+00
  -4.9924905e+00
  -4.9924905e+00
  -4.9924905e+00
  -4.9924905e+00
  -4.9924905e+00
  -4.9924801e+00
  -4.9924801e+00
  -4.9924801e+00
  -4.9924801e+00
  -4.9924801e+00
  -4.9924801e+00
  -4.9924801e+00
  -4.9924801e+00
  -4.9924801e+00
  -4.9924691e+00
  -4.9924691e+00
  -4.9924691e+00
  -4.9924691e+00
  -4.9924691e+00
  -4.9924691e+00
  -4.9924691e+00
  -4.9924691e+00
  -4.9924576e+00
  -4.9924576e+00
  -4.9924576e+00
  -4.9924576e+00
  -4.9924576e+00
  -4.9924576e+00
  -4.9924576e+00
  -4.9924576e+00
  -4.9924576e+00
  -4.9924455e+00
  -4.9924455e+00
  -4.9924455e+00
  -4.9924455e+00
  -4.9924455e+00
  -4.9924455e+00
  -4.9924455e+00
  -4.9924455e+00
  -4.9924455e+00
  -4.9924314e+00
  -4.9924314e+00
  -4.9924314e+00
  -4.9924314e+00
  -4.9924314e+00
  -4.9924314e+00
  -4.9924314e+00
  -4.9924314e+00
  -4.9924314e+00
  -4.9924178e+00
  -4.9924178e+00
  -4.9924178e+00
  -4.9924178e+00
  -4.9924178e+00
  -4.9924178e+00
  -4.9924178e+00
  -4.9924178e+00
  -4.9924178e+00
  -4.9924178e+00
  -4.9924021e+00
  -4.9924021e+00
  -4.9924021e+00
  -4.9924021e+00
  -4.9924021e+00
  -4.9924021e+00
  -4.9924021e+00
  -4.9924021e+00
  -4.9924021e+00
  -4.9924021e+00
  -4.9923851e+00
  -4.9923851e+00
  -4.9923851e+00
  -4.9923851e+00
  -4.9923851e+00
  -4.9923851e+00
  -4.9923851e+00
  -4.9923851e+00
  -4.9923851e+00
  -4.9923851e+00
  -4.9923851e+00
  -4.9923654e+00
  -4.9923654e+00
  -4.9923654e+00
  -4.9923654e+00
  -4.9923654e+00
  -4.9923654e+00
  -4.9923654e+00
  -4.9923654e+00
  -4.9923654e+00
  -4.9923654e+00
  -4.9923654e+00
  -4.9923464e+00
  -4.9923464e+00
  -4.9923464e+00
  -4.9923464e+00
  -4.9923464e+00
  -4.9923464e+00
  -4.9923464e+00
  -4.9923464e+00
  -4.9923464e+00
  -4.9923464e+00
  -4.9923464e+00
  -4.9923272e+00
  -4.9923272e+00
  -4.9923272e+00
  -4.9923272e+00
  -4.9923272e+00
  -4.9923272e+00
  -4.9923272e+00
  -4.9923272e+00
  -4.9923272e+00
  -4.9923272e+00
  -4.9923272e+00
  -4.9923067e+00
  -4.9923067e+00
  -4.9923067e+00
  -4.9923067e+00
  -4.9923067e+00
  -4.9923067e+00
  -4.9923067e+00
  -4.9923067e+00
  -4.9923067e+00
  -4.9923067e+00
  -4.9923067e+00
  -4.9922865e+00
  -4.9922865e+00
  -4.9922865e+00
  -4.9922865e+00
  -4.9922865e+00
  -4.9922865e+00
  -4.9922865e+00
  -4.9922865e+00
  -4.9922865e+00
  -4.9922865e+00
  -4.9922865e+00
  -4.9922690e+00
  -4.9922690e+00
  -4.9922690e+00
  -4.9922690e+00
  -4.9922690e+00
  -4.9922690e+00
  -4.9922690e+00
  -4.9922690e+00
  -4.9922690e+00
  -4.9922690e+00
  -4.9922526e+00
  -4.9922526e+00
  -4.9922526e+00
  -4.9922526e+00
  -4.9922526e+00
  -4.9922526e+00
  -4.9922526e+00
  -4.9922526e+00
  -4.9922526e+00
  -4.9922333e+00
  -4.9922333e+00
  -4.9922333e+00
  -4.9922333e+00
  -4.9922333e+00
  -4.9922333e+00
  -4.9922333e+00
  -4.9922333e+00
  -4.9922333e+00
  -4.9922137e+00
  -4.9922137e+00
  -4.9922137e+00
  -4.9922137e+00
  -4.9922137e+00
  -4.9922137e+00
  -4.9922137e+00
  -4.9922137e+00
  -4.9921943e+00
  -4.9921943e+00
  -4.9921943e+00
  -4.9921943e+00
  -4.9921943e+00
  -4.9921943e+00
  -4.9921943e+00
  -4.9921943e+00
  -4.9921943e+00
  -4.9921766e+00
  -4.9921766e+00
  -4.9921766e+00
  -4.9921766e+00
  -4.9921766e+00
  -4.9921766e+00
  -4.9921766e+00
  -4.9921766e+00
  -4.9921766e+00
  -4.9921607e+00
  -4.9921607e+00
  -4.9921607e+00
  -4.9921607e+00
  -4.9921607e+00
  -4.9921607e+00
  -4.9921607e+00
  -4.9921607e+00
  -4.9921607e+00
  -4.9921449e+00
  -4.9921449e+00
  -4.9921449e+00
  -4.9921449e+00
  -4.9921449e+00
  -4.9921449e+00
  -4.9921449e+00
  -4.9921449e+00
  -4.9921449e+00
  -4.9921288e+00
  -4.9921288e+00
  -4.9921288e+00
  -4.9921288e+00
  -4.9921288e+00
  -4.9921288e+00
  -4.9921288e+00
  -4.9921288e+00
  -4.9921288e+00
  -4.9921149e+00
  -4.9921149e+00
  -4.9921149e+00
  -4.9921149e+00
  -4.9921149e+00
  -4.9921149e+00
  -4.9921149e+00
  -4.9921149e+00
  -4.9921149e+00
  -4.9921149e+00
  -4.9921009e+00
  -4.9921009e+00
  -4.9921009e+00
  -4.9921009e+00
  -4.9921009e+00
  -4.9921009e+00
  -4.9921009e+00
  -4.9921009e+00
  -4.9921009e+00
  -4.9921009e+00
  -4.9920882e+00
  -4.9920882e+00
  -4.9920882e+00
  -4.9920882e+00
  -4.9920882e+00
  -4.9920882e+00
  -4.9920882e+00
  -4.9920882e+00
  -4.9920882e+00
  -4.9920882e+00
  -4.9920752e+00
  -4.9920752e+00
  -4.9920752e+00
  -4.9920752e+00
  -4.9920752e+00
  -4.9920752e+00
  -4.9920752e+00
  -4.9920752e+00
  -4.9920752e+00
  -4.9920608e+00
  -4.9920608e+00
  -4.9920608e+00
  -4.9920608e+00
  -4.9920608e+00
  -4.9920608e+00
  -4.9920608e+00
  -4.9920608e+00
  -4.9920608e+00
  -4.9920501e+00
  -4.9920501e+00
  -4.9920501e+00
  -4.9920501e+00
  -4.9920501e+00
  -4.9920501e+00
  -4.9920501e+00
  -4.9920501e+00
  -4.9920501e+00
  -4.9920388e+00
  -4.9920388e+00
  -4.9920388e+00
  -4.9920388e+00
  -4.9920388e+00
  -4.9920388e+00
  -4.9920388e+00
  -4.9920388e+00
  -4.9920388e+00
  -4.9920250e+00
  -4.9920250e+00
  -4.9920250e+00
  -4.9920250e+00
  -4.9920250e+00
  -4.9920250e+00
  -4.9920250e+00
  -4.9920250e+00
  -4.9920250e+00
  -4.9920122e+00
  -4.9920122e+00
  -4.9920122e+00
  -4.9920122e+00
  -4.9920122e+00
  -4.9920122e+00
  -4.9920122e+00
  -4.9920122e+00
  -4.9920122e+00
  -4.9919999e+00
  -4.9919999e+00
  -4.9919999e+00
  -4.9919999e+00
  -4.9919999e+00
  -4.9919999e+00
  -4.9919999e+00
  -4.9919999e+00
  -4.9919999e+00
  -4.9919860e+00
  -4.9919860e+00
  -4.9919860e+00
  -4.9919860e+00
  -4.9919860e+00
  -4.9919860e+00
  -4.9919860e+00
  -4.9919860e+00
  -4.9919860e+00
  -4.9919860e+00
  -4.9919707e+00
  -4.9919707e+00
  -4.9919707e+00
  -4.9919707e+00
  -4.9919707e+00
  -4.9919707e+00
  -4.9919707e+00
  -4.9919707e+00
  -4.9919707e+00
  -4.9919707e+00
  -4.9919555e+00
  -4.9919555e+00
  -4.9919555e+00
  -4.9919555e+00
  -4.9919555e+00
  -4.9919555e+00
  -4.9919555e+00
  -4.9919555e+00
  -4.9919555e+00
  -4.9919555e+00
  -4.9919555e+00
  -4.9919389e+00
  -4.9919389e+00
  -4.9919389e+00
  -4.9919389e+00
  -4.9919389e+00
  -4.9919389e+00
  -4.9919389e+00
  -4.9919389e+00
  -4.9919389e+00
  -4.9919389e+00
  -4.9919389e+00
  -4.9919389e+00
  -4.9919220e+00
  -4.9919220e+00
  -4.9919220e+00
  -4.9919220e+00
  -4.9919220e+00
  -4.9919220e+00
  -4.9919220e+00
  -4.9919220e+00
  -4.9919220e+00
  -4.9919220e+00
  -4.9919220e+00
  -4.9919220e+00
  -4.9919064e+00
  -4.9919064e+00
  -4.9919064e+00
  -4.9919064e+00
  -4.9919064e+00
  -4.9919064e+00
  -4.9919064e+00
  -4.9919064e+00
  -4.9919064e+00
  -4.9919064e+00
  -4.9919064e+00
  -4.9919064e+00
  -4.9918919e+00
  -4.9918919e+00
  -4.9918919e+00
  -4.9918919e+00
  -4.9918919e+00
  -4.9918919e+00
  -4.9918919e+00
  -4.9918919e+00
  -4.9918919e+00
  -4.9918919e+00
  -4.9918919e+00
  -4.9918919e+00
  -4.9918762e+00
  -4.9918762e+00
  -4.9918762e+00
  -4.9918762e+00
  -4.9918762e+00
  -4.9918762e+00
  -4.9918762e+00
  -4.9918762e+00
  -4.9918762e+00
  -4.9918762e+00
  -4.9918762e+00
  -4.9918762e+00
  -4.9918609e+00
  -4.9918609e+00
  -4.9918609e+00
  -4.9918609e+00
  -4.9918609e+00
  -4.9918609e+00
  -4.9918609e+00
  -4.9918609e+00
  -4.9918609e+00
  -4.9918609e+00
  -4.9918609e+00
  -4.9918609e+00
  -4.9918464e+00
  -4.9918464e+00
  -4.9918464e+00
  -4.9918464e+00
  -4.9918464e+00
  -4.9918464e+00
  -4.9918464e+00
  -4.9918464e+00
  -4.9918464e+00
  -4.9918464e+00
  -4.9918464e+00
  -4.9918464e+00
  -4.9918319e+00
  -4.9918319e+00
  -4.9918319e+00
  -4.9918319e+00
  -4.9918319e+00
  -4.9918319e+00
  -4.9918319e+00
  -4.9918319e+00
  -4.9918319e+00
  -4.9918319e+00
  -4.9918319e+00
  -4.9918319e+00
  -4.9918176e+00
  -4.9918176e+00
  -4.9918176e+00
  -4.9918176e+00
  -4.9918176e+00
  -4.9918176e+00
  -4.9918176e+00
  -4.9918176e+00
  -4.9918176e+00
  -4.9918176e+00
  -4.9918176e+00
  -4.9918176e+00
  -4.9918041e+00
  -4.9918041e+00
  -4.9918041e+00
  -4.9918041e+00
  -4.9918041e+00
  -4.9918041e+00
  -4.9918041e+00
  -4.9918041e+00
  -4.9918041e+00
  -4.9918041e+00
  -4.9918041e+00
  -4.9918041e+00
  -4.9917931e+00
  -4.9917931e+00
  -4.9917931e+00
  -4.9917931e+00
  -4.9917931e+00
  -4.9917931e+00
  -4.9917931e+00
  -4.9917931e+00
  -4.9917931e+00
  -4.9917931e+00
  -4.9917931e+00
  -4.9917823e+00
  -4.9917823e+00
  -4.9917823e+00
  -4.9917823e+00
  -4.9917823e+00
  -4.9917823e+00
  -4.9917823e+00
  -4.9917823e+00
  -4.9917823e+00
  -4.9917823e+00
  -4.9917823e+00
  -4.9917709e+00
  -4.9917709e+00
  -4.9917709e+00
  -4.9917709e+00
  -4.9917709e+00
  -4.9917709e+00
  -4.9917709e+00
  -4.9917709e+00
  -4.9917709e+00
  -4.9917709e+00
  -4.9917709e+00
  -4.9917587e+00
  -4.9917587e+00
  -4.9917587e+00
  -4.9917587e+00
  -4.9917587e+00
  -4.9917587e+00
  -4.9917587e+00
  -4.9917587e+00
  -4.9917587e+00
  -4.9917587e+00
  -4.9917466e+00
  -4.9917466e+00
  -4.9917466e+00
  -4.9917466e+00
  -4.9917466e+00
  -4.9917466e+00
  -4.9917466e+00
  -4.9917466e+00
  -4.9917466e+00
  -4.9917466e+00
  -4.9917345e+00
  -4.9917345e+00
  -4.9917345e+00
  -4.9917345e+00
  -4.9917345e+00
  -4.9917345e+00
  -4.9917345e+00
  -4.9917345e+00
  -4.9917345e+00
  -4.9917345e+00
  -4.9917345e+00
  -4.9917233e+00
  -4.9917233e+00
  -4.9917233e+00
  -4.9917233e+00
  -4.9917233e+00
  -4.9917233e+00
  -4.9917233e+00
  -4.9917233e+00
  -4.9917233e+00
  -4.9917233e+00
  -4.9917233e+00
  -4.9917147e+00
  -4.9917147e+00
  -4.9917147e+00
  -4.9917147e+00
  -4.9917147e+00
  -4.9917147e+00
  -4.9917147e+00
  -4.9917147e+00
  -4.9917147e+00
  -4.9917147e+00
  -4.9917052e+00
  -4.9917052e+00
  -4.9917052e+00
  -4.9917052e+00
  -4.9917052e+00
  -4.9917052e+00
  -4.9917052e+00
  -4.9917052e+00
  -4.9917052e+00
  -4.9917052e+00
  -4.9916949e+00
  -4.9916949e+00
  -4.9916949e+00
  -4.9916949e+00
  -4.9916949e+00
  -4.9916949e+00
  -4.9916949e+00
  -4.9916949e+00
  -4.9916949e+00
  -4.9916949e+00
  -4.9916826e+00
  -4.9916826e+00
  -4.9916826e+00
  -4.9916826e+00
  -4.9916826e+00
  -4.9916826e+00
  -4.9916826e+00
  -4.9916826e+00
  -4.9916826e+00
  -4.9916826e+00
  -4.9916708e+00
  -4.9916708e+00
  -4.9916708e+00
  -4.9916708e+00
  -4.9916708e+00
  -4.9916708e+00
  -4.9916708e+00
  -4.9916708e+00
  -4.9916708e+00
  -4.9916589e+00
  -4.9916589e+00
  -4.9916589e+00
  -4.9916589e+00
  -4.9916589e+00
  -4.9916589e+00
  -4.9916589e+00
  -4.9916589e+00
  -4.9916589e+00
  -4.9916457e+00
  -4.9916457e+00
  -4.9916457e+00
  -4.9916457e+00
  -4.9916457e+00
  -4.9916457e+00
  -4.9916457e+00
  -4.9916457e+00
  -4.9916457e+00
  -4.9916319e+00
  -4.9916319e+00
  -4.9916319e+00
  -4.9916319e+00
  -4.9916319e+00
  -4.9916319e+00
  -4.9916319e+00
  -4.9916319e+00
  -4.9916319e+00
  -4.9916319e+00
  -4.9916194e+00
  -4.9916194e+00
  -4.9916194e+00
  -4.9916194e+00
  -4.9916194e+00
  -4.9916194e+00
  -4.9916194e+00
  -4.9916194e+00
  -4.9916194e+00
  -4.9916079e+00
  -4.9916079e+00
  -4.9916079e+00
  -4.9916079e+00
  -4.9916079e+00
  -4.9916079e+00
  -4.9916079e+00
  -4.9916079e+00
  -4.9916079e+00
  -4.9916079e+00
  -4.9915964e+00
  -4.9915964e+00
  -4.9915964e+00
  -4.9915964e+00
  -4.9915964e+00
  -4.9915964e+00
  -4.9915964e+00
  -4.9915964e+00
  -4.9915964e+00
  -4.9915964e+00
  -4.9915836e+00
  -4.9915836e+00
  -4.9915836e+00
  -4.9915836e+00
  -4.9915836e+00
  -4.9915836e+00
  -4.9915836e+00
  -4.9915836e+00
  -4.9915836e+00
  -4.9915836e+00
  -4.9915689e+00
  -4.9915689e+00
  -4.9915689e+00
  -4.9915689e+00
  -4.9915689e+00
  -4.9915689e+00
  -4.9915689e+00
  -4.9915689e+00
  -4.9915689e+00
  -4.9915689e+00
  -4.9915556e+00
  -4.9915556e+00
  -4.9915556e+00
  -4.9915556e+00
  -4.9915556e+00
  -4.9915556e+00
  -4.9915556e+00
  -4.9915556e+00
  -4.9915556e+00
  -4.9915556e+00
  -4.9915411e+00
  -4.9915411e+00
  -4.9915411e+00
  -4.9915411e+00
  -4.9915411e+00
  -4.9915411e+00
  -4.9915411e+00
  -4.9915411e+00
  -4.9915411e+00
  -4.9915411e+00
  -4.9915411e+00
  -4.9915253e+00
  -4.9915253e+00
  -4.9915253e+00
  -4.9915253e+00
  -4.9915253e+00
  -4.9915253e+00
  -4.9915253e+00
  -4.9915253e+00
  -4.9915253e+00
  -4.9915253e+00
  -4.9915077e+00
  -4.9915077e+00
  -4.9915077e+00
  -4.9915077e+00
  -4.9915077e+00
  -4.9915077e+00
  -4.9915077e+00
  -4.9915077e+00
  -4.9915077e+00
  -4.9915077e+00
  -4.9914914e+00
  -4.9914914e+00
  -4.9914914e+00
  -4.9914914e+00
  -4.9914914e+00
  -4.9914914e+00
  -4.9914914e+00
  -4.9914914e+00
  -4.9914914e+00
  -4.9914914e+00
  -4.9914744e+00
  -4.9914744e+00
  -4.9914744e+00
  -4.9914744e+00
  -4.9914744e+00
  -4.9914744e+00
  -4.9914744e+00
  -4.9914744e+00
  -4.9914744e+00
  -4.9914744e+00
  -4.9914588e+00
  -4.9914588e+00
  -4.9914588e+00
  -4.9914588e+00
  -4.9914588e+00
  -4.9914588e+00
  -4.9914588e+00
  -4.9914588e+00
  -4.9914588e+00
  -4.9914588e+00
  -4.9914443e+00
  -4.9914443e+00
  -4.9914443e+00
  -4.9914443e+00
  -4.9914443e+00
  -4.9914443e+00
  -4.9914443e+00
  -4.9914443e+00
  -4.9914443e+00
  -4.9914443e+00
  -4.9914443e+00
  -4.9914295e+00
  -4.9914295e+00
  -4.9914295e+00
  -4.9914295e+00
  -4.9914295e+00
  -4.9914295e+00
  -4.9914295e+00
  -4.9914295e+00
  -4.9914295e+00
  -4.9914295e+00
  -4.9914295e+00
  -4.9914134e+00
  -4.9914134e+00
  -4.9914134e+00
  -4.9914134e+00
  -4.9914134e+00
  -4.9914134e+00
  -4.9914134e+00
  -4.9914134e+00
  -4.9914134e+00
  -4.9914134e+00
  -4.9914134e+00
  -4.9913982e+00
  -4.9913982e+00
  -4.9913982e+00
  -4.9913982e+00
  -4.9913982e+00
  -4.9913982e+00
  -4.9913982e+00
  -4.9913982e+00
  -4.9913982e+00
  -4.9913982e+00
  -4.9913982e+00
  -4.9913823e+00
  -4.9913823e+00
  -4.9913823e+00
  -4.9913823e+00
  -4.9913823e+00
  -4.9913823e+00
  -4.9913823e+00
  -4.9913823e+00
  -4.9913823e+00
  -4.9913823e+00
  -4.9913666e+00
  -4.9913666e+00
  -4.9913666e+00
  -4.9913666e+00
  -4.9913666e+00
  -4.9913666e+00
  -4.9913666e+00
  -4.9913666e+00
  -4.9913666e+00
  -4.9913666e+00
  -4.9913517e+00
  -4.9913517e+00
  -4.9913517e+00
  -4.9913517e+00
  -4.9913517e+00
  -4.9913517e+00
  -4.9913517e+00
  -4.9913517e+00
  -4.9913517e+00
  -4.9913517e+00
  -4.9913517e+00
  -4.9913380e+00
  -4.9913380e+00
  -4.9913380e+00
  -4.9913380e+00
  -4.9913380e+00
  -4.9913380e+00
  -4.9913380e+00
  -4.9913380e+00
  -4.9913380e+00
  -4.9913380e+00
  -4.9913380e+00
  -4.9913258e+00
  -4.9913258e+00
  -4.9913258e+00
  -4.9913258e+00
  -4.9913258e+00
  -4.9913258e+00
  -4.9913258e+00
  -4.9913258e+00
  -4.9913258e+00
  -4.9913258e+00
  -4.9913258e+00
  -4.9913134e+00
  -4.9913134e+00
  -4.9913134e+00
  -4.9913134e+00
  -4.9913134e+00
  -4.9913134e+00
  -4.9913134e+00
  -4.9913134e+00
  -4.9913134e+00
  -4.9913134e+00
  -4.9913134e+00
  -4.9913010e+00
  -4.9913010e+00
  -4.9913010e+00
  -4.9913010e+00
  -4.9913010e+00
  -4.9913010e+00
  -4.9913010e+00
  -4.9913010e+00
  -4.9913010e+00
  -4.9913010e+00
  -4.9913010e+00
  -4.9912893e+00
  -4.9912893e+00
  -4.9912893e+00
  -4.9912893e+00
  -4.9912893e+00
  -4.9912893e+00
  -4.9912893e+00
  -4.9912893e+00
  -4.9912893e+00
  -4.9912893e+00
  -4.9912893e+00
  -4.9912787e+00
  -4.9912787e+00
  -4.9912787e+00
  -4.9912787e+00
  -4.9912787e+00
  -4.9912787e+00
  -4.9912787e+00
  -4.9912787e+00
  -4.9912787e+00
  -4.9912787e+00
  -4.9912787e+00
  -4.9912678e+00
  -4.9912678e+00
  -4.9912678e+00
  -4.9912678e+00
  -4.9912678e+00
  -4.9912678e+00
  -4.9912678e+00
  -4.9912678e+00
  -4.9912678e+00
  -4.9912678e+00
  -4.9912678e+00
  -4.9912573e+00
  -4.9912573e+00
  -4.9912573e+00
  -4.9912573e+00
  -4.9912573e+00
  -4.9912573e+00
  -4.9912573e+00
  -4.9912573e+00
  -4.9912573e+00
  -4.9912573e+00
  -4.9912573e+00
  -4.9912463e+00
  -4.9912463e+00
  -4.9912463e+00
  -4.9912463e+00
  -4.9912463e+00
  -4.9912463e+00
  -4.9912463e+00
  -4.9912463e+00
  -4.9912360e+00
  -4.9912360e+00
  -4.9912360e+00
  -4.9912360e+00
  -4.9912360e+00
  -4.9912360e+00
  -4.9912360e+00
  -4.9912268e+00
  -4.9912268e+00
  -4.9912268e+00
  -4.9912268e+00
  -4.9912268e+00
  -4.9912268e+00
  -4.9912268e+00
  -4.9912179e+00
  -4.9912179e+00
  -4.9912179e+00
  -4.9912179e+00
  -4.9912179e+00
  -4.9912179e+00
  -4.9912179e+00
