  -4.9334301e+01
  -4.9334301e+01
  -4.9334301e+01
  -4.9334301e+01
  -4.9334301e+01
  -4.9334301e+01
  -4.9334301e+01
  -4.9334301e+01
  -4.9334304e+01
  -4.9334304e+01
  -4.9334304e+01
  -4.9334304e+01
  -4.9334304e+01
  -4.9334304e+01
  -4.9334304e+01
  -4.9334304e+01
  -4.9334307e+01
  -4.9334307e+01
  -4.9334307e+01
  -4.9334307e+01
  -4.9334307e+01
  -4.9334307e+01
  -4.9334307e+01
  -4.9334307e+01
  -4.9334310e+01
  -4.9334310e+01
  -4.9334310e+01
  -4.9334310e+01
  -4.9334310e+01
  -4.9334310e+01
  -4.9334310e+01
  -4.9334310e+01
  -4.9334313e+01
  -4.9334313e+01
  -4.9334313e+01
  -4.9334313e+01
  -4.9334313e+01
  -4.9334313e+01
  -4.9334313e+01
  -4.9334313e+01
  -4.9334316e+01
  -4.9334316e+01
  -4.9334316e+01
  -4.9334316e+01
  -4.9334316e+01
  -4.9334316e+01
  -4.9334316e+01
  -4.9334316e+01
  -4.9334318e+01
  -4.9334318e+01
  -4.9334318e+01
  -4.9334318e+01
  -4.9334318e+01
  -4.9334318e+01
  -4.9334318e+01
  -4.9334318e+01
  -4.9334321e+01
  -4.9334321e+01
  -4.9334321e+01
  -4.9334321e+01
  -4.9334321e+01
  -4.9334321e+01
  -4.9334321e+01
  -4.9334321e+01
  -4.9334325e+01
  -4.9334325e+01
  -4.9334325e+01
  -4.9334325e+01
  -4.9334325e+01
  -4.9334325e+01
  -4.9334325e+01
  -4.9334325e+01
  -4.9334328e+01
  -4.9334328e+01
  -4.9334328e+01
  -4.9334328e+01
  -4.9334328e+01
  -4.9334328e+01
  -4.9334328e+01
  -4.9334328e+01
  -4.9334332e+01
  -4.9334332e+01
  -4.9334332e+01
  -4.9334332e+01
  -4.9334332e+01
  -4.9334332e+01
  -4.9334332e+01
  -4.9334332e+01
  -4.9334338e+01
  -4.9334338e+01
  -4.9334338e+01
  -4.9334338e+01
  -4.9334338e+01
  -4.9334338e+01
  -4.9334338e+01
  -4.9334338e+01
  -4.9334340e+01
  -4.9334340e+01
  -4.9334340e+01
  -4.9334340e+01
  -4.9334340e+01
  -4.9334340e+01
  -4.9334340e+01
  -4.9334340e+01
  -4.9334340e+01
  -4.9334340e+01
  -4.9334340e+01
  -4.9334340e+01
  -4.9334340e+01
  -4.9334340e+01
  -4.9334340e+01
  -4.9334339e+01
  -4.9334339e+01
  -4.9334339e+01
  -4.9334339e+01
  -4.9334339e+01
  -4.9334339e+01
  -4.9334339e+01
  -4.9334339e+01
  -4.9334339e+01
  -4.9334336e+01
  -4.9334336e+01
  -4.9334336e+01
  -4.9334336e+01
  -4.9334336e+01
  -4.9334336e+01
  -4.9334336e+01
  -4.9334336e+01
  -4.9334336e+01
  -4.9334332e+01
  -4.9334332e+01
  -4.9334332e+01
  -4.9334332e+01
  -4.9334332e+01
  -4.9334332e+01
  -4.9334332e+01
  -4.9334332e+01
  -4.9334332e+01
  -4.9334326e+01
  -4.9334326e+01
  -4.9334326e+01
  -4.9334326e+01
  -4.9334326e+01
  -4.9334326e+01
  -4.9334326e+01
  -4.9334326e+01
  -4.9334326e+01
  -4.9334320e+01
  -4.9334320e+01
  -4.9334320e+01
  -4.9334320e+01
  -4.9334320e+01
  -4.9334320e+01
  -4.9334320e+01
  -4.9334320e+01
  -4.9334320e+01
  -4.9334311e+01
  -4.9334311e+01
  -4.9334311e+01
  -4.9334311e+01
  -4.9334311e+01
  -4.9334311e+01
  -4.9334311e+01
  -4.9334311e+01
  -4.9334311e+01
  -4.9334301e+01
  -4.9334301e+01
  -4.9334301e+01
  -4.9334301e+01
  -4.9334301e+01
  -4.9334301e+01
  -4.9334301e+01
  -4.9334301e+01
  -4.9334301e+01
  -4.9334301e+01
  -4.9334291e+01
  -4.9334291e+01
  -4.9334291e+01
  -4.9334291e+01
  -4.9334291e+01
  -4.9334291e+01
  -4.9334291e+01
  -4.9334291e+01
  -4.9334291e+01
  -4.9334291e+01
  -4.9334280e+01
  -4.9334280e+01
  -4.9334280e+01
  -4.9334280e+01
  -4.9334280e+01
  -4.9334280e+01
  -4.9334280e+01
  -4.9334280e+01
  -4.9334280e+01
  -4.9334280e+01
  -4.9334268e+01
  -4.9334268e+01
  -4.9334268e+01
  -4.9334268e+01
  -4.9334268e+01
  -4.9334268e+01
  -4.9334268e+01
  -4.9334268e+01
  -4.9334268e+01
  -4.9334268e+01
  -4.9334256e+01
  -4.9334256e+01
  -4.9334256e+01
  -4.9334256e+01
  -4.9334256e+01
  -4.9334256e+01
  -4.9334256e+01
  -4.9334256e+01
  -4.9334256e+01
  -4.9334256e+01
  -4.9334241e+01
  -4.9334241e+01
  -4.9334241e+01
  -4.9334241e+01
  -4.9334241e+01
  -4.9334241e+01
  -4.9334241e+01
  -4.9334241e+01
  -4.9334241e+01
  -4.9334241e+01
  -4.9334227e+01
  -4.9334227e+01
  -4.9334227e+01
  -4.9334227e+01
  -4.9334227e+01
  -4.9334227e+01
  -4.9334227e+01
  -4.9334227e+01
  -4.9334227e+01
  -4.9334227e+01
  -4.9334212e+01
  -4.9334212e+01
  -4.9334212e+01
  -4.9334212e+01
  -4.9334212e+01
  -4.9334212e+01
  -4.9334212e+01
  -4.9334212e+01
  -4.9334212e+01
  -4.9334212e+01
  -4.9334195e+01
  -4.9334195e+01
  -4.9334195e+01
  -4.9334195e+01
  -4.9334195e+01
  -4.9334195e+01
  -4.9334195e+01
  -4.9334195e+01
  -4.9334195e+01
  -4.9334195e+01
  -4.9334179e+01
  -4.9334179e+01
  -4.9334179e+01
  -4.9334179e+01
  -4.9334179e+01
  -4.9334179e+01
  -4.9334179e+01
  -4.9334179e+01
  -4.9334179e+01
  -4.9334179e+01
  -4.9334162e+01
  -4.9334162e+01
  -4.9334162e+01
  -4.9334162e+01
  -4.9334162e+01
  -4.9334162e+01
  -4.9334162e+01
  -4.9334162e+01
  -4.9334162e+01
  -4.9334144e+01
  -4.9334144e+01
  -4.9334144e+01
  -4.9334144e+01
  -4.9334144e+01
  -4.9334144e+01
  -4.9334144e+01
  -4.9334144e+01
  -4.9334144e+01
  -4.9334126e+01
  -4.9334126e+01
  -4.9334126e+01
  -4.9334126e+01
  -4.9334126e+01
  -4.9334126e+01
  -4.9334126e+01
  -4.9334126e+01
  -4.9334126e+01
  -4.9334107e+01
  -4.9334107e+01
  -4.9334107e+01
  -4.9334107e+01
  -4.9334107e+01
  -4.9334107e+01
  -4.9334107e+01
  -4.9334107e+01
  -4.9334107e+01
  -4.9334107e+01
  -4.9334087e+01
  -4.9334087e+01
  -4.9334087e+01
  -4.9334087e+01
  -4.9334087e+01
  -4.9334087e+01
  -4.9334087e+01
  -4.9334087e+01
  -4.9334087e+01
  -4.9334087e+01
  -4.9334066e+01
  -4.9334066e+01
  -4.9334066e+01
  -4.9334066e+01
  -4.9334066e+01
  -4.9334066e+01
  -4.9334066e+01
  -4.9334066e+01
  -4.9334066e+01
  -4.9334066e+01
  -4.9334043e+01
  -4.9334043e+01
  -4.9334043e+01
  -4.9334043e+01
  -4.9334043e+01
  -4.9334043e+01
  -4.9334043e+01
  -4.9334043e+01
  -4.9334043e+01
  -4.9334043e+01
  -4.9334021e+01
  -4.9334021e+01
  -4.9334021e+01
  -4.9334021e+01
  -4.9334021e+01
  -4.9334021e+01
  -4.9334021e+01
  -4.9334021e+01
  -4.9334021e+01
  -4.9334021e+01
  -4.9334021e+01
  -4.9333997e+01
  -4.9333997e+01
  -4.9333997e+01
  -4.9333997e+01
  -4.9333997e+01
  -4.9333997e+01
  -4.9333997e+01
  -4.9333997e+01
  -4.9333997e+01
  -4.9333997e+01
  -4.9333997e+01
  -4.9333976e+01
  -4.9333976e+01
  -4.9333976e+01
  -4.9333976e+01
  -4.9333976e+01
  -4.9333976e+01
  -4.9333976e+01
  -4.9333976e+01
  -4.9333976e+01
  -4.9333976e+01
  -4.9333976e+01
  -4.9333953e+01
  -4.9333953e+01
  -4.9333953e+01
  -4.9333953e+01
  -4.9333953e+01
  -4.9333953e+01
  -4.9333953e+01
  -4.9333953e+01
  -4.9333953e+01
  -4.9333953e+01
  -4.9333953e+01
  -4.9333930e+01
  -4.9333930e+01
  -4.9333930e+01
  -4.9333930e+01
  -4.9333930e+01
  -4.9333930e+01
  -4.9333930e+01
  -4.9333930e+01
  -4.9333930e+01
  -4.9333930e+01
  -4.9333930e+01
  -4.9333930e+01
  -4.9333907e+01
  -4.9333907e+01
  -4.9333907e+01
  -4.9333907e+01
  -4.9333907e+01
  -4.9333907e+01
  -4.9333907e+01
  -4.9333907e+01
  -4.9333907e+01
  -4.9333907e+01
  -4.9333907e+01
  -4.9333907e+01
  -4.9333884e+01
  -4.9333884e+01
  -4.9333884e+01
  -4.9333884e+01
  -4.9333884e+01
  -4.9333884e+01
  -4.9333884e+01
  -4.9333884e+01
  -4.9333884e+01
  -4.9333884e+01
  -4.9333884e+01
  -4.9333884e+01
  -4.9333884e+01
  -4.9333862e+01
  -4.9333862e+01
  -4.9333862e+01
  -4.9333862e+01
  -4.9333862e+01
  -4.9333862e+01
  -4.9333862e+01
  -4.9333862e+01
  -4.9333862e+01
  -4.9333862e+01
  -4.9333862e+01
  -4.9333862e+01
  -4.9333862e+01
  -4.9333839e+01
  -4.9333839e+01
  -4.9333839e+01
  -4.9333839e+01
  -4.9333839e+01
  -4.9333839e+01
  -4.9333839e+01
  -4.9333839e+01
  -4.9333839e+01
  -4.9333839e+01
  -4.9333839e+01
  -4.9333839e+01
  -4.9333839e+01
  -4.9333839e+01
  -4.9333816e+01
  -4.9333816e+01
  -4.9333816e+01
  -4.9333816e+01
  -4.9333816e+01
  -4.9333816e+01
  -4.9333816e+01
  -4.9333816e+01
  -4.9333816e+01
  -4.9333816e+01
  -4.9333816e+01
  -4.9333816e+01
  -4.9333816e+01
  -4.9333816e+01
  -4.9333793e+01
  -4.9333793e+01
  -4.9333793e+01
  -4.9333793e+01
  -4.9333793e+01
  -4.9333793e+01
  -4.9333793e+01
  -4.9333793e+01
  -4.9333793e+01
  -4.9333793e+01
  -4.9333793e+01
  -4.9333793e+01
  -4.9333793e+01
  -4.9333793e+01
  -4.9333768e+01
  -4.9333768e+01
  -4.9333768e+01
  -4.9333768e+01
  -4.9333768e+01
  -4.9333768e+01
  -4.9333768e+01
  -4.9333768e+01
  -4.9333768e+01
  -4.9333768e+01
  -4.9333768e+01
  -4.9333768e+01
  -4.9333768e+01
  -4.9333768e+01
  -4.9333745e+01
  -4.9333745e+01
  -4.9333745e+01
  -4.9333745e+01
  -4.9333745e+01
  -4.9333745e+01
  -4.9333745e+01
  -4.9333745e+01
  -4.9333745e+01
  -4.9333745e+01
  -4.9333745e+01
  -4.9333745e+01
  -4.9333745e+01
  -4.9333745e+01
  -4.9333745e+01
  -4.9333721e+01
  -4.9333721e+01
  -4.9333721e+01
  -4.9333721e+01
  -4.9333721e+01
  -4.9333721e+01
  -4.9333721e+01
  -4.9333721e+01
  -4.9333721e+01
  -4.9333721e+01
  -4.9333721e+01
  -4.9333721e+01
  -4.9333721e+01
  -4.9333721e+01
  -4.9333721e+01
  -4.9333698e+01
  -4.9333698e+01
  -4.9333698e+01
  -4.9333698e+01
  -4.9333698e+01
  -4.9333698e+01
  -4.9333698e+01
  -4.9333698e+01
  -4.9333698e+01
  -4.9333698e+01
  -4.9333698e+01
  -4.9333698e+01
  -4.9333698e+01
  -4.9333698e+01
  -4.9333674e+01
  -4.9333674e+01
  -4.9333674e+01
  -4.9333674e+01
  -4.9333674e+01
  -4.9333674e+01
  -4.9333674e+01
  -4.9333674e+01
  -4.9333674e+01
  -4.9333674e+01
  -4.9333674e+01
  -4.9333674e+01
  -4.9333674e+01
  -4.9333674e+01
  -4.9333651e+01
  -4.9333651e+01
  -4.9333651e+01
  -4.9333651e+01
  -4.9333651e+01
  -4.9333651e+01
  -4.9333651e+01
  -4.9333651e+01
  -4.9333651e+01
  -4.9333651e+01
  -4.9333651e+01
  -4.9333651e+01
  -4.9333651e+01
  -4.9333651e+01
  -4.9333651e+01
  -4.9333628e+01
  -4.9333628e+01
  -4.9333628e+01
  -4.9333628e+01
  -4.9333628e+01
  -4.9333628e+01
  -4.9333628e+01
  -4.9333628e+01
  -4.9333628e+01
  -4.9333628e+01
  -4.9333628e+01
  -4.9333628e+01
  -4.9333628e+01
  -4.9333628e+01
  -4.9333628e+01
  -4.9333604e+01
  -4.9333604e+01
  -4.9333604e+01
  -4.9333604e+01
  -4.9333604e+01
  -4.9333604e+01
  -4.9333604e+01
  -4.9333604e+01
  -4.9333604e+01
  -4.9333604e+01
  -4.9333604e+01
  -4.9333604e+01
  -4.9333604e+01
  -4.9333604e+01
  -4.9333580e+01
  -4.9333580e+01
  -4.9333580e+01
  -4.9333580e+01
  -4.9333580e+01
  -4.9333580e+01
  -4.9333580e+01
  -4.9333580e+01
  -4.9333580e+01
  -4.9333580e+01
  -4.9333580e+01
  -4.9333580e+01
  -4.9333580e+01
  -4.9333580e+01
  -4.9333580e+01
  -4.9333553e+01
  -4.9333553e+01
  -4.9333553e+01
  -4.9333553e+01
  -4.9333553e+01
  -4.9333553e+01
  -4.9333553e+01
  -4.9333553e+01
  -4.9333553e+01
  -4.9333553e+01
  -4.9333553e+01
  -4.9333553e+01
  -4.9333553e+01
  -4.9333553e+01
  -4.9333528e+01
  -4.9333528e+01
  -4.9333528e+01
  -4.9333528e+01
  -4.9333528e+01
  -4.9333528e+01
  -4.9333528e+01
  -4.9333528e+01
  -4.9333528e+01
  -4.9333528e+01
  -4.9333528e+01
  -4.9333528e+01
  -4.9333528e+01
  -4.9333528e+01
  -4.9333503e+01
  -4.9333503e+01
  -4.9333503e+01
  -4.9333503e+01
  -4.9333503e+01
  -4.9333503e+01
  -4.9333503e+01
  -4.9333503e+01
  -4.9333503e+01
  -4.9333503e+01
  -4.9333503e+01
  -4.9333503e+01
  -4.9333503e+01
  -4.9333478e+01
  -4.9333478e+01
  -4.9333478e+01
  -4.9333478e+01
  -4.9333478e+01
  -4.9333478e+01
  -4.9333478e+01
  -4.9333478e+01
  -4.9333478e+01
  -4.9333478e+01
  -4.9333478e+01
  -4.9333478e+01
  -4.9333478e+01
  -4.9333478e+01
  -4.9333454e+01
  -4.9333454e+01
  -4.9333454e+01
  -4.9333454e+01
  -4.9333454e+01
  -4.9333454e+01
  -4.9333454e+01
  -4.9333454e+01
  -4.9333454e+01
  -4.9333454e+01
  -4.9333454e+01
  -4.9333454e+01
  -4.9333454e+01
  -4.9333454e+01
  -4.9333430e+01
  -4.9333430e+01
  -4.9333430e+01
  -4.9333430e+01
  -4.9333430e+01
  -4.9333430e+01
  -4.9333430e+01
  -4.9333430e+01
  -4.9333430e+01
  -4.9333430e+01
  -4.9333430e+01
  -4.9333430e+01
  -4.9333430e+01
  -4.9333430e+01
  -4.9333406e+01
  -4.9333406e+01
  -4.9333406e+01
  -4.9333406e+01
  -4.9333406e+01
  -4.9333406e+01
  -4.9333406e+01
  -4.9333406e+01
  -4.9333406e+01
  -4.9333406e+01
  -4.9333406e+01
  -4.9333406e+01
  -4.9333406e+01
  -4.9333406e+01
  -4.9333406e+01
  -4.9333382e+01
  -4.9333382e+01
  -4.9333382e+01
  -4.9333382e+01
  -4.9333382e+01
  -4.9333382e+01
  -4.9333382e+01
  -4.9333382e+01
  -4.9333382e+01
  -4.9333382e+01
  -4.9333382e+01
  -4.9333382e+01
  -4.9333382e+01
  -4.9333382e+01
  -4.9333382e+01
  -4.9333382e+01
  -4.9333358e+01
  -4.9333358e+01
  -4.9333358e+01
  -4.9333358e+01
  -4.9333358e+01
  -4.9333358e+01
  -4.9333358e+01
  -4.9333358e+01
  -4.9333358e+01
  -4.9333358e+01
  -4.9333358e+01
  -4.9333358e+01
  -4.9333358e+01
  -4.9333358e+01
  -4.9333358e+01
  -4.9333358e+01
  -4.9333333e+01
  -4.9333333e+01
  -4.9333333e+01
  -4.9333333e+01
  -4.9333333e+01
  -4.9333333e+01
  -4.9333333e+01
  -4.9333333e+01
  -4.9333333e+01
  -4.9333333e+01
  -4.9333333e+01
  -4.9333333e+01
  -4.9333333e+01
  -4.9333333e+01
  -4.9333333e+01
  -4.9333333e+01
  -4.9333333e+01
  -4.9333310e+01
  -4.9333310e+01
  -4.9333310e+01
  -4.9333310e+01
  -4.9333310e+01
  -4.9333310e+01
  -4.9333310e+01
  -4.9333310e+01
  -4.9333310e+01
  -4.9333310e+01
  -4.9333310e+01
  -4.9333310e+01
  -4.9333310e+01
  -4.9333310e+01
  -4.9333310e+01
  -4.9333310e+01
  -4.9333310e+01
  -4.9333285e+01
  -4.9333285e+01
  -4.9333285e+01
  -4.9333285e+01
  -4.9333285e+01
  -4.9333285e+01
  -4.9333285e+01
  -4.9333285e+01
  -4.9333260e+01
  -4.9333260e+01
  -4.9333260e+01
  -4.9333260e+01
  -4.9333260e+01
  -4.9333260e+01
  -4.9333260e+01
  -4.9333260e+01
  -4.9333236e+01
  -4.9333236e+01
  -4.9333236e+01
  -4.9333236e+01
  -4.9333236e+01
  -4.9333236e+01
  -4.9333236e+01
  -4.9333211e+01
  -4.9333211e+01
  -4.9333211e+01
  -4.9333211e+01
  -4.9333211e+01
  -4.9333211e+01
  -4.9333211e+01
  -4.9333186e+01
  -4.9333186e+01
  -4.9333186e+01
  -4.9333186e+01
  -4.9333186e+01
  -4.9333186e+01
  -4.9333186e+01
  -4.9333161e+01
  -4.9333161e+01
  -4.9333161e+01
  -4.9333161e+01
  -4.9333161e+01
  -4.9333161e+01
  -4.9333161e+01
  -4.9333161e+01
  -4.9333161e+01
  -4.9333161e+01
  -4.9333161e+01
  -4.9333161e+01
  -4.9333161e+01
  -4.9333161e+01
  -4.9333161e+01
  -4.9333161e+01
  -4.9333137e+01
  -4.9333137e+01
  -4.9333137e+01
  -4.9333137e+01
  -4.9333137e+01
  -4.9333137e+01
  -4.9333137e+01
  -4.9333137e+01
  -4.9333137e+01
  -4.9333137e+01
  -4.9333137e+01
  -4.9333137e+01
  -4.9333137e+01
  -4.9333137e+01
  -4.9333137e+01
  -4.9333137e+01
  -4.9333137e+01
  -4.9333114e+01
  -4.9333114e+01
  -4.9333114e+01
  -4.9333114e+01
  -4.9333114e+01
  -4.9333114e+01
  -4.9333114e+01
  -4.9333090e+01
  -4.9333090e+01
  -4.9333090e+01
  -4.9333090e+01
  -4.9333090e+01
  -4.9333090e+01
  -4.9333090e+01
  -4.9333067e+01
  -4.9333067e+01
  -4.9333067e+01
  -4.9333067e+01
  -4.9333067e+01
  -4.9333067e+01
  -4.9333067e+01
  -4.9333042e+01
  -4.9333042e+01
  -4.9333042e+01
  -4.9333042e+01
  -4.9333042e+01
  -4.9333042e+01
  -4.9333042e+01
  -4.9333042e+01
  -4.9333042e+01
  -4.9333042e+01
  -4.9333042e+01
  -4.9333042e+01
  -4.9333042e+01
  -4.9333042e+01
  -4.9333042e+01
  -4.9333017e+01
  -4.9333017e+01
  -4.9333017e+01
  -4.9333017e+01
  -4.9333017e+01
  -4.9333017e+01
  -4.9333017e+01
  -4.9333017e+01
  -4.9333017e+01
  -4.9333017e+01
  -4.9333017e+01
  -4.9333017e+01
  -4.9333017e+01
  -4.9333017e+01
  -4.9333017e+01
  -4.9332993e+01
  -4.9332993e+01
  -4.9332993e+01
  -4.9332993e+01
  -4.9332993e+01
  -4.9332993e+01
  -4.9332993e+01
  -4.9332993e+01
  -4.9332993e+01
  -4.9332993e+01
  -4.9332993e+01
  -4.9332993e+01
  -4.9332993e+01
  -4.9332993e+01
  -4.9332993e+01
  -4.9332968e+01
  -4.9332968e+01
  -4.9332968e+01
  -4.9332968e+01
  -4.9332968e+01
  -4.9332968e+01
  -4.9332968e+01
  -4.9332968e+01
  -4.9332968e+01
  -4.9332968e+01
  -4.9332968e+01
  -4.9332968e+01
  -4.9332968e+01
  -4.9332968e+01
  -4.9332968e+01
  -4.9332945e+01
  -4.9332945e+01
  -4.9332945e+01
  -4.9332945e+01
  -4.9332945e+01
  -4.9332945e+01
  -4.9332945e+01
  -4.9332945e+01
  -4.9332945e+01
  -4.9332945e+01
  -4.9332945e+01
  -4.9332945e+01
  -4.9332945e+01
  -4.9332945e+01
  -4.9332945e+01
  -4.9332922e+01
  -4.9332922e+01
  -4.9332922e+01
  -4.9332922e+01
  -4.9332922e+01
  -4.9332922e+01
  -4.9332922e+01
  -4.9332922e+01
  -4.9332922e+01
  -4.9332922e+01
  -4.9332922e+01
  -4.9332922e+01
  -4.9332922e+01
  -4.9332922e+01
  -4.9332922e+01
  -4.9332898e+01
  -4.9332898e+01
  -4.9332898e+01
  -4.9332898e+01
  -4.9332898e+01
  -4.9332898e+01
  -4.9332898e+01
  -4.9332898e+01
  -4.9332898e+01
  -4.9332898e+01
  -4.9332898e+01
  -4.9332898e+01
  -4.9332898e+01
  -4.9332898e+01
  -4.9332898e+01
  -4.9332874e+01
  -4.9332874e+01
  -4.9332874e+01
  -4.9332874e+01
  -4.9332874e+01
  -4.9332874e+01
  -4.9332874e+01
  -4.9332874e+01
  -4.9332874e+01
  -4.9332874e+01
  -4.9332874e+01
  -4.9332874e+01
  -4.9332874e+01
  -4.9332874e+01
  -4.9332874e+01
  -4.9332874e+01
  -4.9332848e+01
  -4.9332848e+01
  -4.9332848e+01
  -4.9332848e+01
  -4.9332848e+01
  -4.9332848e+01
  -4.9332848e+01
  -4.9332848e+01
  -4.9332848e+01
  -4.9332848e+01
  -4.9332848e+01
  -4.9332848e+01
  -4.9332848e+01
  -4.9332848e+01
  -4.9332848e+01
  -4.9332848e+01
  -4.9332823e+01
  -4.9332823e+01
  -4.9332823e+01
  -4.9332823e+01
  -4.9332823e+01
  -4.9332823e+01
  -4.9332823e+01
  -4.9332823e+01
  -4.9332823e+01
  -4.9332823e+01
  -4.9332823e+01
  -4.9332823e+01
  -4.9332823e+01
  -4.9332823e+01
  -4.9332823e+01
  -4.9332823e+01
  -4.9332798e+01
  -4.9332798e+01
  -4.9332798e+01
  -4.9332798e+01
  -4.9332798e+01
  -4.9332798e+01
  -4.9332798e+01
  -4.9332775e+01
  -4.9332775e+01
  -4.9332775e+01
  -4.9332775e+01
  -4.9332775e+01
  -4.9332775e+01
  -4.9332775e+01
  -4.9332775e+01
  -4.9332775e+01
  -4.9332775e+01
  -4.9332775e+01
  -4.9332775e+01
  -4.9332775e+01
  -4.9332775e+01
  -4.9332775e+01
  -4.9332775e+01
  -4.9332750e+01
  -4.9332750e+01
  -4.9332750e+01
  -4.9332750e+01
  -4.9332750e+01
  -4.9332750e+01
  -4.9332750e+01
  -4.9332750e+01
  -4.9332750e+01
  -4.9332750e+01
  -4.9332750e+01
  -4.9332750e+01
  -4.9332750e+01
  -4.9332750e+01
  -4.9332750e+01
  -4.9332750e+01
  -4.9332726e+01
  -4.9332726e+01
  -4.9332726e+01
  -4.9332726e+01
  -4.9332726e+01
  -4.9332726e+01
  -4.9332726e+01
  -4.9332726e+01
  -4.9332698e+01
  -4.9332698e+01
  -4.9332698e+01
  -4.9332698e+01
  -4.9332698e+01
  -4.9332698e+01
  -4.9332698e+01
  -4.9332698e+01
  -4.9332698e+01
  -4.9332698e+01
  -4.9332698e+01
  -4.9332698e+01
  -4.9332698e+01
  -4.9332698e+01
  -4.9332698e+01
  -4.9332698e+01
  -4.9332698e+01
  -4.9332698e+01
  -4.9332672e+01
  -4.9332672e+01
  -4.9332672e+01
  -4.9332672e+01
  -4.9332672e+01
  -4.9332672e+01
  -4.9332672e+01
  -4.9332644e+01
  -4.9332644e+01
  -4.9332644e+01
  -4.9332644e+01
  -4.9332644e+01
  -4.9332644e+01
  -4.9332644e+01
  -4.9332644e+01
  -4.9332616e+01
  -4.9332616e+01
  -4.9332616e+01
  -4.9332616e+01
  -4.9332616e+01
  -4.9332616e+01
  -4.9332616e+01
  -4.9332616e+01
  -4.9332616e+01
  -4.9332616e+01
  -4.9332616e+01
  -4.9332616e+01
  -4.9332616e+01
  -4.9332616e+01
  -4.9332616e+01
  -4.9332616e+01
  -4.9332616e+01
  -4.9332616e+01
  -4.9332616e+01
  -4.9332589e+01
  -4.9332589e+01
  -4.9332589e+01
  -4.9332589e+01
  -4.9332589e+01
  -4.9332589e+01
  -4.9332589e+01
  -4.9332589e+01
  -4.9332589e+01
  -4.9332563e+01
  -4.9332563e+01
  -4.9332563e+01
  -4.9332563e+01
  -4.9332563e+01
  -4.9332563e+01
  -4.9332563e+01
  -4.9332563e+01
  -4.9332563e+01
  -4.9332563e+01
  -4.9332536e+01
  -4.9332536e+01
  -4.9332536e+01
  -4.9332536e+01
  -4.9332536e+01
  -4.9332536e+01
  -4.9332536e+01
  -4.9332536e+01
  -4.9332536e+01
  -4.9332536e+01
  -4.9332536e+01
  -4.9332510e+01
  -4.9332510e+01
  -4.9332510e+01
  -4.9332510e+01
  -4.9332510e+01
  -4.9332510e+01
  -4.9332510e+01
  -4.9332510e+01
  -4.9332510e+01
  -4.9332510e+01
  -4.9332510e+01
  -4.9332485e+01
  -4.9332485e+01
  -4.9332485e+01
  -4.9332485e+01
  -4.9332485e+01
  -4.9332485e+01
  -4.9332485e+01
  -4.9332485e+01
  -4.9332485e+01
  -4.9332485e+01
  -4.9332485e+01
  -4.9332485e+01
  -4.9332485e+01
  -4.9332461e+01
  -4.9332461e+01
  -4.9332461e+01
  -4.9332461e+01
  -4.9332461e+01
  -4.9332461e+01
  -4.9332461e+01
  -4.9332461e+01
  -4.9332461e+01
  -4.9332461e+01
  -4.9332461e+01
  -4.9332461e+01
  -4.9332461e+01
  -4.9332436e+01
  -4.9332436e+01
  -4.9332436e+01
  -4.9332436e+01
  -4.9332436e+01
  -4.9332436e+01
  -4.9332436e+01
  -4.9332436e+01
  -4.9332436e+01
  -4.9332436e+01
  -4.9332436e+01
  -4.9332436e+01
  -4.9332436e+01
  -4.9332436e+01
  -4.9332413e+01
  -4.9332413e+01
  -4.9332413e+01
  -4.9332413e+01
  -4.9332413e+01
  -4.9332413e+01
  -4.9332413e+01
  -4.9332413e+01
  -4.9332413e+01
  -4.9332413e+01
  -4.9332413e+01
  -4.9332413e+01
  -4.9332413e+01
  -4.9332413e+01
  -4.9332386e+01
  -4.9332386e+01
  -4.9332386e+01
  -4.9332386e+01
  -4.9332386e+01
  -4.9332386e+01
  -4.9332386e+01
  -4.9332386e+01
  -4.9332386e+01
  -4.9332386e+01
  -4.9332386e+01
  -4.9332386e+01
  -4.9332386e+01
  -4.9332386e+01
  -4.9332362e+01
  -4.9332362e+01
  -4.9332362e+01
  -4.9332362e+01
  -4.9332362e+01
  -4.9332362e+01
  -4.9332362e+01
  -4.9332362e+01
  -4.9332362e+01
  -4.9332362e+01
  -4.9332362e+01
  -4.9332362e+01
  -4.9332362e+01
  -4.9332338e+01
  -4.9332338e+01
  -4.9332338e+01
  -4.9332338e+01
  -4.9332338e+01
  -4.9332338e+01
  -4.9332338e+01
  -4.9332338e+01
  -4.9332338e+01
  -4.9332338e+01
  -4.9332338e+01
  -4.9332338e+01
  -4.9332338e+01
  -4.9332338e+01
  -4.9332315e+01
  -4.9332315e+01
  -4.9332315e+01
  -4.9332315e+01
  -4.9332315e+01
  -4.9332315e+01
  -4.9332315e+01
  -4.9332315e+01
  -4.9332315e+01
  -4.9332315e+01
  -4.9332315e+01
  -4.9332315e+01
  -4.9332315e+01
  -4.9332315e+01
  -4.9332315e+01
  -4.9332292e+01
  -4.9332292e+01
  -4.9332292e+01
  -4.9332292e+01
  -4.9332292e+01
  -4.9332292e+01
  -4.9332292e+01
  -4.9332292e+01
  -4.9332292e+01
  -4.9332292e+01
  -4.9332292e+01
  -4.9332292e+01
  -4.9332292e+01
  -4.9332292e+01
  -4.9332292e+01
  -4.9332292e+01
  -4.9332268e+01
  -4.9332268e+01
  -4.9332268e+01
  -4.9332268e+01
  -4.9332268e+01
  -4.9332268e+01
  -4.9332268e+01
  -4.9332268e+01
  -4.9332268e+01
  -4.9332268e+01
  -4.9332268e+01
  -4.9332268e+01
  -4.9332268e+01
  -4.9332268e+01
  -4.9332268e+01
  -4.9332268e+01
  -4.9332245e+01
  -4.9332245e+01
  -4.9332245e+01
  -4.9332245e+01
  -4.9332245e+01
  -4.9332245e+01
  -4.9332245e+01
  -4.9332245e+01
  -4.9332245e+01
  -4.9332245e+01
  -4.9332245e+01
  -4.9332245e+01
  -4.9332245e+01
  -4.9332245e+01
  -4.9332245e+01
  -4.9332223e+01
  -4.9332223e+01
  -4.9332223e+01
  -4.9332223e+01
  -4.9332223e+01
  -4.9332223e+01
  -4.9332223e+01
  -4.9332223e+01
  -4.9332223e+01
  -4.9332223e+01
  -4.9332223e+01
  -4.9332223e+01
  -4.9332223e+01
  -4.9332223e+01
  -4.9332223e+01
  -4.9332223e+01
  -4.9332199e+01
  -4.9332199e+01
  -4.9332199e+01
  -4.9332199e+01
  -4.9332199e+01
  -4.9332199e+01
  -4.9332199e+01
  -4.9332199e+01
  -4.9332199e+01
  -4.9332199e+01
  -4.9332199e+01
  -4.9332199e+01
  -4.9332199e+01
  -4.9332199e+01
  -4.9332177e+01
  -4.9332177e+01
  -4.9332177e+01
  -4.9332177e+01
  -4.9332177e+01
  -4.9332177e+01
  -4.9332177e+01
  -4.9332177e+01
  -4.9332177e+01
  -4.9332177e+01
  -4.9332177e+01
  -4.9332177e+01
  -4.9332177e+01
  -4.9332177e+01
  -4.9332152e+01
  -4.9332152e+01
  -4.9332152e+01
  -4.9332152e+01
  -4.9332152e+01
  -4.9332152e+01
  -4.9332152e+01
  -4.9332152e+01
  -4.9332152e+01
  -4.9332152e+01
  -4.9332152e+01
  -4.9332152e+01
  -4.9332152e+01
  -4.9332152e+01
  -4.9332129e+01
  -4.9332129e+01
  -4.9332129e+01
  -4.9332129e+01
  -4.9332129e+01
  -4.9332129e+01
  -4.9332129e+01
  -4.9332129e+01
  -4.9332129e+01
  -4.9332129e+01
  -4.9332129e+01
  -4.9332129e+01
  -4.9332129e+01
  -4.9332129e+01
  -4.9332106e+01
  -4.9332106e+01
  -4.9332106e+01
  -4.9332106e+01
  -4.9332106e+01
  -4.9332106e+01
  -4.9332106e+01
  -4.9332106e+01
  -4.9332106e+01
  -4.9332106e+01
  -4.9332106e+01
  -4.9332106e+01
  -4.9332106e+01
  -4.9332106e+01
  -4.9332106e+01
  -4.9332083e+01
  -4.9332083e+01
  -4.9332083e+01
  -4.9332083e+01
  -4.9332083e+01
  -4.9332083e+01
  -4.9332083e+01
  -4.9332083e+01
  -4.9332083e+01
  -4.9332083e+01
  -4.9332083e+01
  -4.9332083e+01
  -4.9332083e+01
  -4.9332083e+01
  -4.9332059e+01
  -4.9332059e+01
  -4.9332059e+01
  -4.9332059e+01
  -4.9332059e+01
  -4.9332059e+01
  -4.9332059e+01
  -4.9332059e+01
  -4.9332059e+01
  -4.9332059e+01
  -4.9332059e+01
  -4.9332059e+01
  -4.9332059e+01
  -4.9332035e+01
  -4.9332035e+01
  -4.9332035e+01
  -4.9332035e+01
  -4.9332035e+01
  -4.9332035e+01
  -4.9332035e+01
  -4.9332035e+01
  -4.9332035e+01
  -4.9332035e+01
  -4.9332035e+01
  -4.9332035e+01
  -4.9332035e+01
  -4.9332013e+01
  -4.9332013e+01
  -4.9332013e+01
  -4.9332013e+01
  -4.9332013e+01
  -4.9332013e+01
  -4.9332013e+01
  -4.9332013e+01
  -4.9332013e+01
  -4.9332013e+01
  -4.9332013e+01
  -4.9332013e+01
  -4.9332013e+01
  -4.9331992e+01
  -4.9331992e+01
  -4.9331992e+01
  -4.9331992e+01
  -4.9331992e+01
  -4.9331992e+01
  -4.9331992e+01
  -4.9331992e+01
  -4.9331992e+01
  -4.9331992e+01
  -4.9331992e+01
  -4.9331970e+01
  -4.9331970e+01
  -4.9331970e+01
  -4.9331970e+01
  -4.9331970e+01
  -4.9331970e+01
  -4.9331970e+01
  -4.9331970e+01
  -4.9331970e+01
  -4.9331970e+01
  -4.9331949e+01
  -4.9331949e+01
  -4.9331949e+01
  -4.9331949e+01
  -4.9331949e+01
  -4.9331949e+01
  -4.9331949e+01
  -4.9331949e+01
  -4.9331949e+01
  -4.9331949e+01
  -4.9331930e+01
  -4.9331930e+01
  -4.9331930e+01
  -4.9331930e+01
  -4.9331930e+01
  -4.9331930e+01
  -4.9331930e+01
  -4.9331930e+01
  -4.9331930e+01
  -4.9331910e+01
  -4.9331910e+01
  -4.9331910e+01
  -4.9331910e+01
  -4.9331910e+01
  -4.9331910e+01
  -4.9331910e+01
  -4.9331910e+01
  -4.9331910e+01
  -4.9331889e+01
  -4.9331889e+01
  -4.9331889e+01
  -4.9331889e+01
  -4.9331889e+01
  -4.9331889e+01
  -4.9331889e+01
  -4.9331889e+01
  -4.9331889e+01
  -4.9331889e+01
  -4.9331869e+01
  -4.9331869e+01
  -4.9331869e+01
  -4.9331869e+01
  -4.9331869e+01
  -4.9331869e+01
  -4.9331869e+01
  -4.9331869e+01
  -4.9331869e+01
  -4.9331849e+01
  -4.9331849e+01
  -4.9331849e+01
  -4.9331849e+01
  -4.9331849e+01
  -4.9331849e+01
  -4.9331849e+01
  -4.9331849e+01
  -4.9331849e+01
  -4.9331832e+01
  -4.9331832e+01
  -4.9331832e+01
  -4.9331832e+01
  -4.9331832e+01
  -4.9331832e+01
  -4.9331832e+01
  -4.9331832e+01
  -4.9331832e+01
  -4.9331832e+01
  -4.9331832e+01
  -4.9331811e+01
  -4.9331811e+01
  -4.9331811e+01
  -4.9331811e+01
  -4.9331811e+01
  -4.9331811e+01
  -4.9331811e+01
  -4.9331811e+01
  -4.9331811e+01
  -4.9331811e+01
  -4.9331811e+01
  -4.9331811e+01
  -4.9331790e+01
  -4.9331790e+01
  -4.9331790e+01
  -4.9331790e+01
  -4.9331790e+01
  -4.9331790e+01
  -4.9331790e+01
  -4.9331790e+01
  -4.9331790e+01
  -4.9331790e+01
  -4.9331790e+01
  -4.9331790e+01
  -4.9331768e+01
  -4.9331768e+01
  -4.9331768e+01
  -4.9331768e+01
  -4.9331768e+01
  -4.9331768e+01
  -4.9331768e+01
  -4.9331768e+01
  -4.9331768e+01
  -4.9331768e+01
  -4.9331768e+01
  -4.9331768e+01
  -4.9331747e+01
  -4.9331747e+01
  -4.9331747e+01
  -4.9331747e+01
  -4.9331747e+01
  -4.9331747e+01
  -4.9331747e+01
  -4.9331747e+01
  -4.9331747e+01
  -4.9331747e+01
  -4.9331747e+01
  -4.9331747e+01
  -4.9331726e+01
  -4.9331726e+01
  -4.9331726e+01
  -4.9331726e+01
  -4.9331726e+01
  -4.9331726e+01
  -4.9331726e+01
  -4.9331726e+01
  -4.9331726e+01
  -4.9331726e+01
  -4.9331726e+01
  -4.9331726e+01
  -4.9331704e+01
  -4.9331704e+01
  -4.9331704e+01
  -4.9331704e+01
  -4.9331704e+01
  -4.9331704e+01
  -4.9331704e+01
  -4.9331704e+01
  -4.9331704e+01
  -4.9331704e+01
  -4.9331704e+01
  -4.9331704e+01
  -4.9331683e+01
  -4.9331683e+01
  -4.9331683e+01
  -4.9331683e+01
  -4.9331683e+01
  -4.9331683e+01
  -4.9331683e+01
  -4.9331683e+01
  -4.9331683e+01
  -4.9331683e+01
  -4.9331683e+01
  -4.9331683e+01
  -4.9331661e+01
  -4.9331661e+01
  -4.9331661e+01
  -4.9331661e+01
  -4.9331661e+01
  -4.9331661e+01
  -4.9331661e+01
  -4.9331661e+01
  -4.9331661e+01
  -4.9331661e+01
  -4.9331661e+01
  -4.9331661e+01
  -4.9331640e+01
  -4.9331640e+01
  -4.9331640e+01
  -4.9331640e+01
  -4.9331640e+01
  -4.9331640e+01
  -4.9331640e+01
  -4.9331640e+01
  -4.9331640e+01
  -4.9331640e+01
  -4.9331640e+01
  -4.9331640e+01
  -4.9331619e+01
  -4.9331619e+01
  -4.9331619e+01
  -4.9331619e+01
  -4.9331619e+01
  -4.9331619e+01
  -4.9331619e+01
  -4.9331619e+01
  -4.9331619e+01
  -4.9331619e+01
  -4.9331619e+01
  -4.9331619e+01
  -4.9331619e+01
  -4.9331619e+01
  -4.9331619e+01
  -4.9331619e+01
  -4.9331619e+01
  -4.9331619e+01
  -4.9331619e+01
  -4.9331619e+01
  -4.9331619e+01
  -4.9331619e+01
  -4.9331619e+01
  -4.9331619e+01
  -4.9331619e+01
  -4.9331619e+01
  -4.9331619e+01
  -4.9331619e+01
  -4.9331619e+01
  -4.9331619e+01
  -4.9331619e+01
  -4.9331619e+01
  -4.9331619e+01
  -4.9331597e+01
  -4.9331597e+01
  -4.9331597e+01
  -4.9331597e+01
  -4.9331597e+01
  -4.9331597e+01
  -4.9331597e+01
  -4.9331597e+01
  -4.9331597e+01
  -4.9331597e+01
  -4.9331597e+01
  -4.9331597e+01
  -4.9331597e+01
  -4.9331597e+01
  -4.9331597e+01
  -4.9331597e+01
  -4.9331597e+01
  -4.9331597e+01
  -4.9331597e+01
  -4.9331597e+01
  -4.9331597e+01
  -4.9331597e+01
  -4.9331597e+01
  -4.9331597e+01
  -4.9331597e+01
  -4.9331597e+01
  -4.9331597e+01
  -4.9331597e+01
  -4.9331597e+01
  -4.9331597e+01
  -4.9331597e+01
  -4.9331597e+01
  -4.9331597e+01
  -4.9331597e+01
  -4.9331597e+01
  -4.9331597e+01
  -4.9331597e+01
  -4.9331597e+01
  -4.9331597e+01
  -4.9331597e+01
  -4.9331597e+01
  -4.9331597e+01
  -4.9331597e+01
  -4.9331597e+01
  -4.9331597e+01
  -4.9331597e+01
  -4.9331597e+01
  -4.9331597e+01
  -4.9331597e+01
  -4.9331597e+01
  -4.9331597e+01
  -4.9331597e+01
  -4.9331597e+01
  -4.9331597e+01
  -4.9331597e+01
  -4.9331597e+01
  -4.9331597e+01
  -4.9331597e+01
  -4.9331597e+01
  -4.9331597e+01
  -4.9331597e+01
  -4.9331597e+01
  -4.9331597e+01
  -4.9331597e+01
  -4.9331597e+01
  -4.9331597e+01
  -4.9331597e+01
  -4.9331597e+01
  -4.9331597e+01
  -4.9331597e+01
  -4.9331597e+01
  -4.9331597e+01
  -4.9331597e+01
  -4.9331597e+01
  -4.9331597e+01
  -4.9331597e+01
  -4.9331597e+01
  -4.9331597e+01
  -4.9331597e+01
  -4.9331597e+01
  -4.9331597e+01
  -4.9331597e+01
  -4.9331597e+01
  -4.9331597e+01
  -4.9331597e+01
  -4.9331597e+01
  -4.9331597e+01
  -4.9331597e+01
  -4.9331597e+01
  -4.9331597e+01
  -4.9331597e+01
  -4.9331597e+01
  -4.9331597e+01
  -4.9331597e+01
  -4.9331597e+01
  -4.9331597e+01
  -4.9331597e+01
  -4.9331597e+01
  -4.9331597e+01
  -4.9331597e+01
  -4.9331597e+01
  -4.9331597e+01
  -4.9331597e+01
  -4.9331597e+01
  -4.9331597e+01
  -4.9331597e+01
  -4.9331597e+01
  -4.9331597e+01
  -4.9331597e+01
  -4.9331597e+01
  -4.9331597e+01
  -4.9331597e+01
  -4.9331597e+01
  -4.9331597e+01
  -4.9331597e+01
  -4.9331597e+01
  -4.9331597e+01
  -4.9331597e+01
  -4.9331597e+01
  -4.9331597e+01
  -4.9331597e+01
  -4.9331597e+01
  -4.9331597e+01
  -4.9331597e+01
  -4.9331597e+01
  -4.9331597e+01
  -4.9331597e+01
  -4.9331597e+01
  -4.9331597e+01
  -4.9331597e+01
  -4.9331597e+01
  -4.9331597e+01
  -4.9331597e+01
  -4.9331597e+01
  -4.9331597e+01
  -4.9331597e+01
  -4.9331597e+01
  -4.9331597e+01
  -4.9331597e+01
  -4.9331597e+01
  -4.9331597e+01
  -4.9331597e+01
  -4.9331597e+01
  -4.9331597e+01
  -4.9331597e+01
  -4.9331597e+01
  -4.9331597e+01
  -4.9331597e+01
  -4.9331597e+01
  -4.9331597e+01
  -4.9331597e+01
  -4.9331597e+01
  -4.9331597e+01
  -4.9331597e+01
  -4.9331597e+01
  -4.9331597e+01
  -4.9331597e+01
  -4.9331597e+01
  -4.9331597e+01
  -4.9331597e+01
  -4.9331597e+01
  -4.9331597e+01
  -4.9331597e+01
  -4.9331597e+01
  -4.9331597e+01
  -4.9331597e+01
  -4.9331597e+01
  -4.9331597e+01
  -4.9331597e+01
  -4.9331597e+01
  -4.9331597e+01
  -4.9331597e+01
  -4.9331597e+01
  -4.9331597e+01
  -4.9331597e+01
  -4.9331597e+01
  -4.9331597e+01
  -4.9331597e+01
  -4.9331597e+01
  -4.9331597e+01
  -4.9331597e+01
  -4.9331597e+01
  -4.9331597e+01
  -4.9331597e+01
  -4.9331597e+01
  -4.9331597e+01
  -4.9331597e+01
  -4.9331597e+01
  -4.9331597e+01
  -4.9331597e+01
  -4.9331597e+01
  -4.9331597e+01
  -4.9331597e+01
  -4.9331597e+01
  -4.9331597e+01
  -4.9331597e+01
  -4.9331582e+01
  -4.9331582e+01
  -4.9331582e+01
  -4.9331582e+01
  -4.9331582e+01
  -4.9331582e+01
  -4.9331566e+01
  -4.9331566e+01
  -4.9331566e+01
  -4.9331566e+01
  -4.9331566e+01
  -4.9331551e+01
  -4.9331551e+01
  -4.9331551e+01
  -4.9331551e+01
  -4.9331551e+01
  -4.9331551e+01
  -4.9331551e+01
  -4.9331551e+01
  -4.9331551e+01
  -4.9331551e+01
  -4.9331551e+01
  -4.9331535e+01
  -4.9331535e+01
  -4.9331535e+01
  -4.9331535e+01
  -4.9331535e+01
  -4.9331535e+01
  -4.9331535e+01
  -4.9331535e+01
  -4.9331535e+01
  -4.9331535e+01
  -4.9331517e+01
  -4.9331517e+01
  -4.9331517e+01
  -4.9331517e+01
  -4.9331517e+01
  -4.9331517e+01
  -4.9331517e+01
  -4.9331517e+01
  -4.9331500e+01
  -4.9331500e+01
  -4.9331500e+01
  -4.9331500e+01
  -4.9331500e+01
  -4.9331500e+01
  -4.9331482e+01
  -4.9331482e+01
  -4.9331482e+01
  -4.9331482e+01
  -4.9331482e+01
  -4.9331464e+01
  -4.9331464e+01
  -4.9331464e+01
  -4.9331464e+01
  -4.9331464e+01
  -4.9331464e+01
  -4.9331464e+01
  -4.9331464e+01
  -4.9331464e+01
  -4.9331464e+01
  -4.9331464e+01
  -4.9331447e+01
  -4.9331447e+01
  -4.9331447e+01
  -4.9331447e+01
  -4.9331447e+01
  -4.9331447e+01
  -4.9331447e+01
  -4.9331447e+01
  -4.9331447e+01
  -4.9331447e+01
  -4.9331432e+01
  -4.9331432e+01
  -4.9331432e+01
  -4.9331432e+01
  -4.9331432e+01
  -4.9331432e+01
  -4.9331432e+01
  -4.9331432e+01
  -4.9331432e+01
  -4.9331432e+01
  -4.9331417e+01
  -4.9331417e+01
  -4.9331417e+01
  -4.9331417e+01
  -4.9331417e+01
  -4.9331417e+01
  -4.9331417e+01
  -4.9331417e+01
  -4.9331417e+01
  -4.9331417e+01
  -4.9331405e+01
  -4.9331405e+01
  -4.9331405e+01
  -4.9331405e+01
  -4.9331405e+01
  -4.9331405e+01
  -4.9331405e+01
  -4.9331405e+01
  -4.9331405e+01
  -4.9331405e+01
  -4.9331393e+01
  -4.9331393e+01
  -4.9331393e+01
  -4.9331393e+01
  -4.9331393e+01
  -4.9331393e+01
  -4.9331393e+01
  -4.9331393e+01
  -4.9331393e+01
  -4.9331379e+01
  -4.9331379e+01
  -4.9331379e+01
  -4.9331379e+01
  -4.9331379e+01
  -4.9331379e+01
  -4.9331379e+01
  -4.9331379e+01
  -4.9331379e+01
  -4.9331366e+01
  -4.9331366e+01
  -4.9331366e+01
  -4.9331366e+01
  -4.9331366e+01
  -4.9331366e+01
  -4.9331366e+01
  -4.9331366e+01
  -4.9331351e+01
  -4.9331351e+01
  -4.9331351e+01
  -4.9331351e+01
  -4.9331351e+01
  -4.9331351e+01
  -4.9331351e+01
  -4.9331351e+01
  -4.9331336e+01
  -4.9331336e+01
  -4.9331336e+01
  -4.9331336e+01
  -4.9331336e+01
  -4.9331336e+01
  -4.9331321e+01
  -4.9331321e+01
  -4.9331321e+01
  -4.9331321e+01
  -4.9331321e+01
  -4.9331306e+01
  -4.9331306e+01
  -4.9331306e+01
  -4.9331306e+01
  -4.9331306e+01
  -4.9331306e+01
  -4.9331306e+01
  -4.9331292e+01
  -4.9331292e+01
  -4.9331292e+01
  -4.9331292e+01
  -4.9331292e+01
  -4.9331292e+01
  -4.9331292e+01
  -4.9331292e+01
  -4.9331292e+01
  -4.9331292e+01
  -4.9331292e+01
  -4.9331292e+01
  -4.9331292e+01
  -4.9331277e+01
  -4.9331277e+01
  -4.9331277e+01
  -4.9331277e+01
  -4.9331277e+01
  -4.9331277e+01
  -4.9331277e+01
  -4.9331277e+01
  -4.9331277e+01
  -4.9331277e+01
  -4.9331277e+01
  -4.9331277e+01
  -4.9331261e+01
  -4.9331261e+01
  -4.9331261e+01
  -4.9331261e+01
  -4.9331261e+01
  -4.9331261e+01
  -4.9331261e+01
  -4.9331261e+01
  -4.9331261e+01
  -4.9331261e+01
  -4.9331261e+01
  -4.9331261e+01
  -4.9331261e+01
  -4.9331243e+01
  -4.9331243e+01
  -4.9331243e+01
  -4.9331243e+01
  -4.9331243e+01
  -4.9331243e+01
  -4.9331243e+01
  -4.9331243e+01
  -4.9331243e+01
  -4.9331243e+01
  -4.9331243e+01
  -4.9331243e+01
  -4.9331243e+01
  -4.9331243e+01
  -4.9331243e+01
  -4.9331243e+01
  -4.9331225e+01
  -4.9331225e+01
  -4.9331225e+01
  -4.9331225e+01
  -4.9331225e+01
  -4.9331225e+01
  -4.9331225e+01
  -4.9331225e+01
  -4.9331225e+01
  -4.9331225e+01
  -4.9331225e+01
  -4.9331225e+01
  -4.9331225e+01
  -4.9331225e+01
  -4.9331225e+01
  -4.9331225e+01
  -4.9331225e+01
  -4.9331225e+01
  -4.9331207e+01
  -4.9331207e+01
  -4.9331207e+01
  -4.9331207e+01
  -4.9331207e+01
  -4.9331207e+01
  -4.9331207e+01
  -4.9331207e+01
  -4.9331207e+01
  -4.9331207e+01
  -4.9331207e+01
  -4.9331207e+01
  -4.9331207e+01
  -4.9331207e+01
  -4.9331207e+01
  -4.9331207e+01
  -4.9331207e+01
  -4.9331207e+01
  -4.9331207e+01
  -4.9331207e+01
  -4.9331207e+01
  -4.9331187e+01
  -4.9331187e+01
  -4.9331187e+01
  -4.9331187e+01
  -4.9331187e+01
  -4.9331187e+01
  -4.9331187e+01
  -4.9331187e+01
  -4.9331187e+01
  -4.9331187e+01
  -4.9331168e+01
  -4.9331168e+01
  -4.9331168e+01
  -4.9331168e+01
  -4.9331168e+01
  -4.9331168e+01
  -4.9331168e+01
  -4.9331168e+01
  -4.9331168e+01
  -4.9331148e+01
  -4.9331148e+01
  -4.9331148e+01
  -4.9331148e+01
  -4.9331148e+01
  -4.9331129e+01
  -4.9331129e+01
  -4.9331129e+01
  -4.9331129e+01
  -4.9331110e+01
  -4.9331110e+01
  -4.9331110e+01
  -4.9331110e+01
  -4.9331110e+01
  -4.9331110e+01
  -4.9331110e+01
  -4.9331110e+01
  -4.9331110e+01
  -4.9331110e+01
  -4.9331110e+01
  -4.9331110e+01
  -4.9331110e+01
  -4.9331110e+01
  -4.9331090e+01
  -4.9331090e+01
  -4.9331090e+01
  -4.9331090e+01
  -4.9331090e+01
  -4.9331090e+01
  -4.9331090e+01
  -4.9331090e+01
  -4.9331090e+01
  -4.9331090e+01
  -4.9331090e+01
  -4.9331090e+01
  -4.9331090e+01
  -4.9331090e+01
  -4.9331090e+01
  -4.9331090e+01
  -4.9331090e+01
  -4.9331090e+01
  -4.9331090e+01
  -4.9331072e+01
  -4.9331072e+01
  -4.9331072e+01
  -4.9331072e+01
  -4.9331072e+01
  -4.9331072e+01
  -4.9331072e+01
  -4.9331072e+01
  -4.9331072e+01
  -4.9331072e+01
  -4.9331072e+01
  -4.9331072e+01
  -4.9331072e+01
  -4.9331072e+01
  -4.9331072e+01
  -4.9331072e+01
  -4.9331072e+01
  -4.9331072e+01
  -4.9331072e+01
  -4.9331072e+01
  -4.9331055e+01
  -4.9331055e+01
  -4.9331055e+01
  -4.9331055e+01
  -4.9331055e+01
  -4.9331055e+01
  -4.9331055e+01
  -4.9331055e+01
  -4.9331055e+01
  -4.9331055e+01
  -4.9331055e+01
  -4.9331055e+01
  -4.9331037e+01
  -4.9331037e+01
  -4.9331037e+01
  -4.9331037e+01
  -4.9331037e+01
  -4.9331037e+01
  -4.9331037e+01
  -4.9331037e+01
  -4.9331037e+01
  -4.9331037e+01
  -4.9331037e+01
  -4.9331037e+01
  -4.9331037e+01
  -4.9331017e+01
  -4.9331017e+01
  -4.9331017e+01
  -4.9331017e+01
  -4.9331017e+01
  -4.9331017e+01
  -4.9331017e+01
  -4.9331017e+01
  -4.9331017e+01
  -4.9331017e+01
  -4.9330997e+01
  -4.9330997e+01
  -4.9330997e+01
  -4.9330997e+01
  -4.9330997e+01
  -4.9330997e+01
  -4.9330997e+01
  -4.9330997e+01
  -4.9330997e+01
  -4.9330978e+01
  -4.9330978e+01
  -4.9330978e+01
  -4.9330978e+01
  -4.9330978e+01
  -4.9330978e+01
  -4.9330978e+01
  -4.9330978e+01
  -4.9330978e+01
  -4.9330958e+01
  -4.9330958e+01
  -4.9330958e+01
  -4.9330958e+01
  -4.9330958e+01
  -4.9330958e+01
  -4.9330958e+01
  -4.9330958e+01
  -4.9330935e+01
  -4.9330935e+01
  -4.9330935e+01
  -4.9330935e+01
  -4.9330935e+01
  -4.9330935e+01
  -4.9330935e+01
  -4.9330935e+01
  -4.9330908e+01
  -4.9330908e+01
  -4.9330908e+01
  -4.9330908e+01
  -4.9330908e+01
  -4.9330908e+01
  -4.9330908e+01
  -4.9330908e+01
  -4.9330883e+01
  -4.9330883e+01
  -4.9330883e+01
  -4.9330883e+01
  -4.9330883e+01
  -4.9330883e+01
  -4.9330883e+01
  -4.9330856e+01
  -4.9330856e+01
  -4.9330856e+01
  -4.9330856e+01
  -4.9330856e+01
  -4.9330856e+01
  -4.9330856e+01
  -4.9330828e+01
  -4.9330828e+01
  -4.9330828e+01
  -4.9330828e+01
  -4.9330828e+01
  -4.9330828e+01
  -4.9330828e+01
  -4.9330828e+01
  -4.9330828e+01
  -4.9330801e+01
  -4.9330801e+01
  -4.9330801e+01
  -4.9330801e+01
  -4.9330801e+01
  -4.9330801e+01
  -4.9330801e+01
  -4.9330801e+01
  -4.9330801e+01
  -4.9330801e+01
  -4.9330775e+01
  -4.9330775e+01
  -4.9330775e+01
  -4.9330775e+01
  -4.9330775e+01
  -4.9330775e+01
  -4.9330775e+01
  -4.9330775e+01
  -4.9330775e+01
  -4.9330775e+01
  -4.9330775e+01
  -4.9330748e+01
  -4.9330748e+01
  -4.9330748e+01
  -4.9330748e+01
  -4.9330748e+01
  -4.9330748e+01
  -4.9330748e+01
  -4.9330748e+01
  -4.9330748e+01
  -4.9330748e+01
  -4.9330748e+01
  -4.9330748e+01
  -4.9330721e+01
  -4.9330721e+01
  -4.9330721e+01
  -4.9330721e+01
  -4.9330721e+01
  -4.9330721e+01
  -4.9330721e+01
  -4.9330721e+01
  -4.9330721e+01
  -4.9330721e+01
  -4.9330721e+01
  -4.9330721e+01
  -4.9330721e+01
  -4.9330694e+01
  -4.9330694e+01
  -4.9330694e+01
  -4.9330694e+01
  -4.9330694e+01
  -4.9330694e+01
  -4.9330694e+01
  -4.9330694e+01
  -4.9330694e+01
  -4.9330694e+01
  -4.9330694e+01
  -4.9330694e+01
  -4.9330694e+01
  -4.9330666e+01
  -4.9330666e+01
  -4.9330666e+01
  -4.9330666e+01
  -4.9330666e+01
  -4.9330666e+01
  -4.9330666e+01
  -4.9330666e+01
  -4.9330666e+01
  -4.9330666e+01
  -4.9330666e+01
  -4.9330666e+01
  -4.9330666e+01
  -4.9330666e+01
  -4.9330640e+01
  -4.9330640e+01
  -4.9330640e+01
  -4.9330640e+01
  -4.9330640e+01
  -4.9330640e+01
  -4.9330640e+01
  -4.9330640e+01
  -4.9330640e+01
  -4.9330640e+01
  -4.9330640e+01
  -4.9330640e+01
  -4.9330640e+01
  -4.9330640e+01
  -4.9330640e+01
  -4.9330611e+01
  -4.9330611e+01
  -4.9330611e+01
  -4.9330611e+01
  -4.9330611e+01
  -4.9330611e+01
  -4.9330611e+01
  -4.9330611e+01
  -4.9330611e+01
  -4.9330611e+01
  -4.9330611e+01
  -4.9330611e+01
  -4.9330611e+01
  -4.9330611e+01
  -4.9330611e+01
  -4.9330583e+01
  -4.9330583e+01
  -4.9330583e+01
  -4.9330583e+01
  -4.9330583e+01
  -4.9330583e+01
  -4.9330583e+01
  -4.9330583e+01
  -4.9330583e+01
  -4.9330583e+01
  -4.9330583e+01
  -4.9330583e+01
  -4.9330583e+01
  -4.9330583e+01
  -4.9330583e+01
  -4.9330583e+01
  -4.9330583e+01
  -4.9330555e+01
  -4.9330555e+01
  -4.9330555e+01
  -4.9330555e+01
  -4.9330555e+01
  -4.9330555e+01
  -4.9330555e+01
  -4.9330555e+01
  -4.9330555e+01
  -4.9330555e+01
  -4.9330555e+01
  -4.9330555e+01
  -4.9330555e+01
  -4.9330555e+01
  -4.9330555e+01
  -4.9330555e+01
  -4.9330555e+01
  -4.9330555e+01
  -4.9330526e+01
  -4.9330526e+01
  -4.9330526e+01
  -4.9330526e+01
  -4.9330526e+01
  -4.9330526e+01
  -4.9330526e+01
  -4.9330526e+01
  -4.9330526e+01
  -4.9330496e+01
  -4.9330496e+01
  -4.9330496e+01
  -4.9330496e+01
  -4.9330496e+01
  -4.9330496e+01
  -4.9330496e+01
  -4.9330496e+01
  -4.9330496e+01
  -4.9330464e+01
  -4.9330464e+01
  -4.9330464e+01
  -4.9330464e+01
  -4.9330464e+01
  -4.9330464e+01
  -4.9330464e+01
  -4.9330464e+01
  -4.9330464e+01
  -4.9330436e+01
  -4.9330436e+01
  -4.9330436e+01
  -4.9330436e+01
  -4.9330436e+01
  -4.9330436e+01
  -4.9330436e+01
  -4.9330436e+01
  -4.9330436e+01
  -4.9330436e+01
  -4.9330406e+01
  -4.9330406e+01
  -4.9330406e+01
  -4.9330406e+01
  -4.9330406e+01
  -4.9330406e+01
  -4.9330406e+01
  -4.9330406e+01
  -4.9330406e+01
  -4.9330406e+01
  -4.9330406e+01
  -4.9330377e+01
  -4.9330377e+01
  -4.9330377e+01
  -4.9330377e+01
  -4.9330377e+01
  -4.9330377e+01
  -4.9330377e+01
  -4.9330377e+01
  -4.9330377e+01
  -4.9330377e+01
  -4.9330377e+01
  -4.9330348e+01
  -4.9330348e+01
  -4.9330348e+01
  -4.9330348e+01
  -4.9330348e+01
  -4.9330348e+01
  -4.9330348e+01
  -4.9330348e+01
  -4.9330348e+01
  -4.9330348e+01
  -4.9330348e+01
  -4.9330348e+01
  -4.9330321e+01
  -4.9330321e+01
  -4.9330321e+01
  -4.9330321e+01
  -4.9330321e+01
  -4.9330321e+01
  -4.9330321e+01
  -4.9330321e+01
  -4.9330321e+01
  -4.9330321e+01
  -4.9330321e+01
  -4.9330292e+01
  -4.9330292e+01
  -4.9330292e+01
  -4.9330292e+01
  -4.9330292e+01
  -4.9330292e+01
  -4.9330292e+01
  -4.9330292e+01
  -4.9330292e+01
  -4.9330292e+01
  -4.9330292e+01
  -4.9330292e+01
  -4.9330265e+01
  -4.9330265e+01
  -4.9330265e+01
  -4.9330265e+01
  -4.9330265e+01
  -4.9330265e+01
  -4.9330265e+01
  -4.9330265e+01
  -4.9330265e+01
  -4.9330265e+01
  -4.9330265e+01
  -4.9330265e+01
  -4.9330265e+01
  -4.9330236e+01
  -4.9330236e+01
  -4.9330236e+01
  -4.9330236e+01
  -4.9330236e+01
  -4.9330236e+01
  -4.9330236e+01
  -4.9330236e+01
  -4.9330236e+01
  -4.9330236e+01
  -4.9330236e+01
  -4.9330236e+01
  -4.9330236e+01
  -4.9330211e+01
  -4.9330211e+01
  -4.9330211e+01
  -4.9330211e+01
  -4.9330211e+01
  -4.9330211e+01
  -4.9330211e+01
  -4.9330211e+01
  -4.9330211e+01
  -4.9330211e+01
  -4.9330211e+01
  -4.9330211e+01
  -4.9330211e+01
  -4.9330186e+01
  -4.9330186e+01
  -4.9330186e+01
  -4.9330186e+01
  -4.9330186e+01
  -4.9330186e+01
  -4.9330186e+01
  -4.9330186e+01
  -4.9330186e+01
  -4.9330186e+01
  -4.9330186e+01
  -4.9330186e+01
  -4.9330161e+01
  -4.9330161e+01
  -4.9330161e+01
  -4.9330161e+01
  -4.9330161e+01
  -4.9330161e+01
  -4.9330161e+01
  -4.9330161e+01
  -4.9330161e+01
  -4.9330161e+01
  -4.9330161e+01
  -4.9330161e+01
  -4.9330135e+01
  -4.9330135e+01
  -4.9330135e+01
  -4.9330135e+01
  -4.9330135e+01
  -4.9330135e+01
  -4.9330135e+01
  -4.9330135e+01
  -4.9330135e+01
  -4.9330135e+01
  -4.9330135e+01
  -4.9330135e+01
  -4.9330110e+01
  -4.9330110e+01
  -4.9330110e+01
  -4.9330110e+01
  -4.9330110e+01
  -4.9330110e+01
  -4.9330110e+01
  -4.9330110e+01
  -4.9330110e+01
  -4.9330110e+01
  -4.9330110e+01
  -4.9330084e+01
  -4.9330084e+01
  -4.9330084e+01
  -4.9330084e+01
  -4.9330084e+01
  -4.9330084e+01
  -4.9330084e+01
  -4.9330084e+01
  -4.9330084e+01
  -4.9330084e+01
  -4.9330084e+01
  -4.9330084e+01
  -4.9330058e+01
  -4.9330058e+01
  -4.9330058e+01
  -4.9330058e+01
  -4.9330058e+01
  -4.9330058e+01
  -4.9330058e+01
  -4.9330058e+01
  -4.9330058e+01
  -4.9330058e+01
  -4.9330058e+01
  -4.9330029e+01
  -4.9330029e+01
  -4.9330029e+01
  -4.9330029e+01
  -4.9330029e+01
  -4.9330029e+01
  -4.9330029e+01
  -4.9330029e+01
  -4.9330029e+01
  -4.9330029e+01
  -4.9330029e+01
  -4.9330002e+01
  -4.9330002e+01
  -4.9330002e+01
  -4.9330002e+01
  -4.9330002e+01
  -4.9330002e+01
  -4.9330002e+01
  -4.9330002e+01
  -4.9330002e+01
  -4.9330002e+01
  -4.9330002e+01
  -4.9329974e+01
  -4.9329974e+01
  -4.9329974e+01
  -4.9329974e+01
  -4.9329974e+01
  -4.9329974e+01
  -4.9329974e+01
  -4.9329974e+01
  -4.9329974e+01
  -4.9329974e+01
  -4.9329947e+01
  -4.9329947e+01
  -4.9329947e+01
  -4.9329947e+01
  -4.9329947e+01
  -4.9329947e+01
  -4.9329947e+01
  -4.9329947e+01
  -4.9329947e+01
  -4.9329947e+01
  -4.9329947e+01
  -4.9329919e+01
  -4.9329919e+01
  -4.9329919e+01
  -4.9329919e+01
  -4.9329919e+01
  -4.9329919e+01
  -4.9329919e+01
  -4.9329919e+01
  -4.9329919e+01
  -4.9329919e+01
  -4.9329892e+01
  -4.9329892e+01
  -4.9329892e+01
  -4.9329892e+01
  -4.9329892e+01
  -4.9329892e+01
  -4.9329892e+01
  -4.9329892e+01
  -4.9329892e+01
  -4.9329892e+01
  -4.9329863e+01
  -4.9329863e+01
  -4.9329863e+01
  -4.9329863e+01
  -4.9329863e+01
  -4.9329863e+01
  -4.9329863e+01
  -4.9329863e+01
  -4.9329863e+01
  -4.9329834e+01
  -4.9329834e+01
  -4.9329834e+01
  -4.9329834e+01
  -4.9329834e+01
  -4.9329834e+01
  -4.9329834e+01
  -4.9329834e+01
  -4.9329834e+01
  -4.9329807e+01
  -4.9329807e+01
  -4.9329807e+01
  -4.9329807e+01
  -4.9329807e+01
  -4.9329807e+01
  -4.9329807e+01
  -4.9329807e+01
  -4.9329807e+01
  -4.9329778e+01
  -4.9329778e+01
  -4.9329778e+01
  -4.9329778e+01
  -4.9329778e+01
  -4.9329778e+01
  -4.9329778e+01
  -4.9329778e+01
  -4.9329778e+01
  -4.9329750e+01
  -4.9329750e+01
  -4.9329750e+01
  -4.9329750e+01
  -4.9329750e+01
  -4.9329750e+01
  -4.9329750e+01
  -4.9329750e+01
  -4.9329750e+01
  -4.9329721e+01
  -4.9329721e+01
  -4.9329721e+01
  -4.9329721e+01
  -4.9329721e+01
  -4.9329721e+01
  -4.9329721e+01
  -4.9329721e+01
  -4.9329692e+01
  -4.9329692e+01
  -4.9329692e+01
  -4.9329692e+01
  -4.9329692e+01
  -4.9329692e+01
  -4.9329692e+01
  -4.9329692e+01
  -4.9329692e+01
  -4.9329662e+01
  -4.9329662e+01
  -4.9329662e+01
  -4.9329662e+01
  -4.9329662e+01
  -4.9329662e+01
  -4.9329662e+01
  -4.9329633e+01
  -4.9329633e+01
  -4.9329633e+01
  -4.9329633e+01
  -4.9329633e+01
  -4.9329633e+01
  -4.9329633e+01
  -4.9329633e+01
  -4.9329605e+01
  -4.9329605e+01
  -4.9329605e+01
  -4.9329605e+01
  -4.9329605e+01
  -4.9329605e+01
  -4.9329605e+01
  -4.9329578e+01
  -4.9329578e+01
  -4.9329578e+01
  -4.9329578e+01
  -4.9329578e+01
  -4.9329578e+01
  -4.9329578e+01
  -4.9329578e+01
  -4.9329553e+01
  -4.9329553e+01
  -4.9329553e+01
  -4.9329553e+01
  -4.9329553e+01
  -4.9329553e+01
  -4.9329553e+01
  -4.9329553e+01
  -4.9329553e+01
  -4.9329553e+01
  -4.9329553e+01
  -4.9329553e+01
  -4.9329553e+01
  -4.9329553e+01
  -4.9329553e+01
  -4.9329553e+01
  -4.9329553e+01
  -4.9329553e+01
  -4.9329553e+01
  -4.9329525e+01
  -4.9329525e+01
  -4.9329525e+01
  -4.9329525e+01
  -4.9329525e+01
  -4.9329525e+01
  -4.9329525e+01
  -4.9329525e+01
  -4.9329525e+01
  -4.9329499e+01
  -4.9329499e+01
  -4.9329499e+01
  -4.9329499e+01
  -4.9329499e+01
  -4.9329499e+01
  -4.9329499e+01
  -4.9329499e+01
  -4.9329499e+01
  -4.9329472e+01
  -4.9329472e+01
  -4.9329472e+01
  -4.9329472e+01
  -4.9329472e+01
  -4.9329472e+01
  -4.9329472e+01
  -4.9329472e+01
  -4.9329472e+01
  -4.9329445e+01
  -4.9329445e+01
  -4.9329445e+01
  -4.9329445e+01
  -4.9329445e+01
  -4.9329445e+01
  -4.9329445e+01
  -4.9329445e+01
  -4.9329445e+01
  -4.9329420e+01
  -4.9329420e+01
  -4.9329420e+01
  -4.9329420e+01
  -4.9329420e+01
  -4.9329420e+01
  -4.9329420e+01
  -4.9329392e+01
  -4.9329392e+01
  -4.9329392e+01
  -4.9329392e+01
  -4.9329392e+01
  -4.9329392e+01
  -4.9329392e+01
  -4.9329392e+01
  -4.9329363e+01
  -4.9329363e+01
  -4.9329363e+01
  -4.9329363e+01
  -4.9329363e+01
  -4.9329363e+01
  -4.9329363e+01
  -4.9329363e+01
  -4.9329363e+01
  -4.9329363e+01
  -4.9329363e+01
  -4.9329363e+01
  -4.9329363e+01
  -4.9329363e+01
  -4.9329363e+01
  -4.9329334e+01
  -4.9329334e+01
  -4.9329334e+01
  -4.9329334e+01
  -4.9329334e+01
  -4.9329334e+01
  -4.9329334e+01
  -4.9329305e+01
  -4.9329305e+01
  -4.9329305e+01
  -4.9329305e+01
  -4.9329305e+01
  -4.9329305e+01
  -4.9329305e+01
  -4.9329305e+01
  -4.9329305e+01
  -4.9329305e+01
  -4.9329305e+01
  -4.9329305e+01
  -4.9329305e+01
  -4.9329305e+01
  -4.9329277e+01
  -4.9329277e+01
  -4.9329277e+01
  -4.9329277e+01
  -4.9329277e+01
  -4.9329277e+01
  -4.9329277e+01
  -4.9329277e+01
  -4.9329277e+01
  -4.9329277e+01
  -4.9329277e+01
  -4.9329277e+01
  -4.9329277e+01
  -4.9329248e+01
  -4.9329248e+01
  -4.9329248e+01
  -4.9329248e+01
  -4.9329248e+01
  -4.9329248e+01
  -4.9329248e+01
  -4.9329248e+01
  -4.9329248e+01
  -4.9329248e+01
  -4.9329248e+01
  -4.9329248e+01
  -4.9329248e+01
  -4.9329218e+01
  -4.9329218e+01
  -4.9329218e+01
  -4.9329218e+01
  -4.9329218e+01
  -4.9329218e+01
  -4.9329218e+01
  -4.9329218e+01
  -4.9329218e+01
  -4.9329218e+01
  -4.9329218e+01
  -4.9329218e+01
  -4.9329191e+01
  -4.9329191e+01
  -4.9329191e+01
  -4.9329191e+01
  -4.9329191e+01
  -4.9329191e+01
  -4.9329191e+01
  -4.9329191e+01
  -4.9329191e+01
  -4.9329191e+01
  -4.9329191e+01
  -4.9329191e+01
  -4.9329161e+01
  -4.9329161e+01
  -4.9329161e+01
  -4.9329161e+01
  -4.9329161e+01
  -4.9329161e+01
  -4.9329161e+01
  -4.9329161e+01
  -4.9329161e+01
  -4.9329161e+01
  -4.9329161e+01
  -4.9329161e+01
  -4.9329130e+01
  -4.9329130e+01
  -4.9329130e+01
  -4.9329130e+01
  -4.9329130e+01
  -4.9329130e+01
  -4.9329130e+01
  -4.9329130e+01
  -4.9329130e+01
  -4.9329130e+01
  -4.9329130e+01
  -4.9329130e+01
  -4.9329099e+01
  -4.9329099e+01
  -4.9329099e+01
  -4.9329099e+01
  -4.9329099e+01
  -4.9329099e+01
  -4.9329099e+01
  -4.9329099e+01
  -4.9329099e+01
  -4.9329068e+01
  -4.9329068e+01
  -4.9329068e+01
  -4.9329068e+01
  -4.9329068e+01
  -4.9329068e+01
  -4.9329068e+01
  -4.9329068e+01
  -4.9329068e+01
  -4.9329036e+01
  -4.9329036e+01
  -4.9329036e+01
  -4.9329036e+01
  -4.9329036e+01
  -4.9329036e+01
  -4.9329036e+01
  -4.9329036e+01
  -4.9329036e+01
  -4.9329004e+01
  -4.9329004e+01
  -4.9329004e+01
  -4.9329004e+01
  -4.9329004e+01
  -4.9329004e+01
  -4.9329004e+01
  -4.9329004e+01
  -4.9329004e+01
  -4.9329004e+01
  -4.9328972e+01
  -4.9328972e+01
  -4.9328972e+01
  -4.9328972e+01
  -4.9328972e+01
  -4.9328972e+01
  -4.9328972e+01
  -4.9328972e+01
  -4.9328972e+01
  -4.9328972e+01
  -4.9328940e+01
  -4.9328940e+01
  -4.9328940e+01
  -4.9328940e+01
  -4.9328940e+01
  -4.9328940e+01
  -4.9328940e+01
  -4.9328940e+01
  -4.9328940e+01
  -4.9328940e+01
  -4.9328940e+01
  -4.9328909e+01
  -4.9328909e+01
  -4.9328909e+01
  -4.9328909e+01
  -4.9328909e+01
  -4.9328909e+01
  -4.9328909e+01
  -4.9328909e+01
  -4.9328909e+01
  -4.9328909e+01
  -4.9328878e+01
  -4.9328878e+01
  -4.9328878e+01
  -4.9328878e+01
  -4.9328878e+01
  -4.9328878e+01
  -4.9328878e+01
  -4.9328878e+01
  -4.9328878e+01
  -4.9328878e+01
  -4.9328844e+01
  -4.9328844e+01
  -4.9328844e+01
  -4.9328844e+01
  -4.9328844e+01
  -4.9328844e+01
  -4.9328844e+01
  -4.9328844e+01
  -4.9328844e+01
  -4.9328844e+01
  -4.9328810e+01
  -4.9328810e+01
  -4.9328810e+01
  -4.9328810e+01
  -4.9328810e+01
  -4.9328810e+01
  -4.9328810e+01
  -4.9328810e+01
  -4.9328810e+01
  -4.9328810e+01
  -4.9328777e+01
  -4.9328777e+01
  -4.9328777e+01
  -4.9328777e+01
  -4.9328777e+01
  -4.9328777e+01
  -4.9328777e+01
  -4.9328777e+01
  -4.9328777e+01
  -4.9328744e+01
  -4.9328744e+01
  -4.9328744e+01
  -4.9328744e+01
  -4.9328744e+01
  -4.9328744e+01
  -4.9328744e+01
  -4.9328744e+01
  -4.9328711e+01
  -4.9328711e+01
  -4.9328711e+01
  -4.9328711e+01
  -4.9328711e+01
  -4.9328711e+01
  -4.9328711e+01
  -4.9328711e+01
  -4.9328679e+01
  -4.9328679e+01
  -4.9328679e+01
  -4.9328679e+01
  -4.9328679e+01
  -4.9328679e+01
  -4.9328679e+01
  -4.9328679e+01
  -4.9328679e+01
  -4.9328648e+01
  -4.9328648e+01
  -4.9328648e+01
  -4.9328648e+01
  -4.9328648e+01
  -4.9328648e+01
  -4.9328648e+01
  -4.9328648e+01
  -4.9328648e+01
  -4.9328616e+01
  -4.9328616e+01
  -4.9328616e+01
  -4.9328616e+01
  -4.9328616e+01
  -4.9328616e+01
  -4.9328616e+01
  -4.9328616e+01
  -4.9328616e+01
  -4.9328584e+01
  -4.9328584e+01
  -4.9328584e+01
  -4.9328584e+01
  -4.9328584e+01
  -4.9328584e+01
  -4.9328584e+01
  -4.9328584e+01
  -4.9328584e+01
  -4.9328584e+01
  -4.9328552e+01
  -4.9328552e+01
  -4.9328552e+01
  -4.9328552e+01
  -4.9328552e+01
  -4.9328552e+01
  -4.9328552e+01
  -4.9328552e+01
  -4.9328552e+01
  -4.9328522e+01
  -4.9328522e+01
  -4.9328522e+01
  -4.9328522e+01
  -4.9328522e+01
  -4.9328522e+01
  -4.9328522e+01
  -4.9328522e+01
  -4.9328493e+01
  -4.9328493e+01
  -4.9328493e+01
  -4.9328493e+01
  -4.9328493e+01
  -4.9328493e+01
  -4.9328493e+01
  -4.9328493e+01
  -4.9328493e+01
  -4.9328463e+01
  -4.9328463e+01
  -4.9328463e+01
  -4.9328463e+01
  -4.9328463e+01
  -4.9328463e+01
  -4.9328463e+01
  -4.9328463e+01
  -4.9328463e+01
  -4.9328434e+01
  -4.9328434e+01
  -4.9328434e+01
  -4.9328434e+01
  -4.9328434e+01
  -4.9328434e+01
  -4.9328434e+01
  -4.9328434e+01
  -4.9328434e+01
  -4.9328404e+01
  -4.9328404e+01
  -4.9328404e+01
  -4.9328404e+01
  -4.9328404e+01
  -4.9328404e+01
  -4.9328404e+01
  -4.9328404e+01
  -4.9328404e+01
  -4.9328404e+01
  -4.9328375e+01
  -4.9328375e+01
  -4.9328375e+01
  -4.9328375e+01
  -4.9328375e+01
  -4.9328375e+01
  -4.9328375e+01
  -4.9328375e+01
  -4.9328375e+01
  -4.9328375e+01
  -4.9328345e+01
  -4.9328345e+01
  -4.9328345e+01
  -4.9328345e+01
  -4.9328345e+01
  -4.9328345e+01
  -4.9328345e+01
  -4.9328345e+01
  -4.9328345e+01
  -4.9328345e+01
  -4.9328345e+01
  -4.9328315e+01
  -4.9328315e+01
  -4.9328315e+01
  -4.9328315e+01
  -4.9328315e+01
  -4.9328315e+01
  -4.9328315e+01
  -4.9328315e+01
  -4.9328315e+01
  -4.9328315e+01
  -4.9328315e+01
  -4.9328285e+01
  -4.9328285e+01
  -4.9328285e+01
  -4.9328285e+01
  -4.9328285e+01
  -4.9328285e+01
  -4.9328285e+01
  -4.9328285e+01
  -4.9328285e+01
  -4.9328285e+01
  -4.9328285e+01
  -4.9328257e+01
  -4.9328257e+01
  -4.9328257e+01
  -4.9328257e+01
  -4.9328257e+01
  -4.9328257e+01
  -4.9328257e+01
  -4.9328257e+01
  -4.9328257e+01
  -4.9328257e+01
  -4.9328257e+01
  -4.9328227e+01
  -4.9328227e+01
  -4.9328227e+01
  -4.9328227e+01
  -4.9328227e+01
  -4.9328227e+01
  -4.9328227e+01
  -4.9328227e+01
  -4.9328227e+01
  -4.9328227e+01
  -4.9328227e+01
  -4.9328196e+01
  -4.9328196e+01
  -4.9328196e+01
  -4.9328196e+01
  -4.9328196e+01
  -4.9328196e+01
  -4.9328196e+01
  -4.9328196e+01
  -4.9328196e+01
  -4.9328196e+01
  -4.9328196e+01
  -4.9328166e+01
  -4.9328166e+01
  -4.9328166e+01
  -4.9328166e+01
  -4.9328166e+01
  -4.9328166e+01
  -4.9328166e+01
  -4.9328166e+01
  -4.9328166e+01
  -4.9328166e+01
  -4.9328136e+01
  -4.9328136e+01
  -4.9328136e+01
  -4.9328136e+01
  -4.9328136e+01
  -4.9328136e+01
  -4.9328136e+01
  -4.9328136e+01
  -4.9328136e+01
  -4.9328105e+01
  -4.9328105e+01
  -4.9328105e+01
  -4.9328105e+01
  -4.9328105e+01
  -4.9328105e+01
  -4.9328105e+01
  -4.9328105e+01
  -4.9328105e+01
  -4.9328076e+01
  -4.9328076e+01
  -4.9328076e+01
  -4.9328076e+01
  -4.9328076e+01
  -4.9328076e+01
  -4.9328076e+01
  -4.9328076e+01
  -4.9328046e+01
  -4.9328046e+01
  -4.9328046e+01
  -4.9328046e+01
  -4.9328046e+01
  -4.9328046e+01
  -4.9328046e+01
  -4.9328046e+01
  -4.9328046e+01
  -4.9328015e+01
  -4.9328015e+01
  -4.9328015e+01
  -4.9328015e+01
  -4.9328015e+01
  -4.9328015e+01
  -4.9328015e+01
  -4.9328015e+01
  -4.9328015e+01
  -4.9327985e+01
  -4.9327985e+01
  -4.9327985e+01
  -4.9327985e+01
  -4.9327985e+01
  -4.9327985e+01
  -4.9327985e+01
  -4.9327985e+01
  -4.9327985e+01
  -4.9327954e+01
  -4.9327954e+01
  -4.9327954e+01
  -4.9327954e+01
  -4.9327954e+01
  -4.9327954e+01
  -4.9327954e+01
  -4.9327954e+01
  -4.9327954e+01
  -4.9327923e+01
  -4.9327923e+01
  -4.9327923e+01
  -4.9327923e+01
  -4.9327923e+01
  -4.9327923e+01
  -4.9327923e+01
  -4.9327923e+01
  -4.9327923e+01
  -4.9327892e+01
  -4.9327892e+01
  -4.9327892e+01
  -4.9327892e+01
  -4.9327892e+01
  -4.9327892e+01
  -4.9327892e+01
  -4.9327892e+01
  -4.9327892e+01
  -4.9327892e+01
  -4.9327860e+01
  -4.9327860e+01
  -4.9327860e+01
  -4.9327860e+01
  -4.9327860e+01
  -4.9327860e+01
  -4.9327860e+01
  -4.9327860e+01
  -4.9327860e+01
  -4.9327860e+01
  -4.9327828e+01
  -4.9327828e+01
  -4.9327828e+01
  -4.9327828e+01
  -4.9327828e+01
  -4.9327828e+01
  -4.9327828e+01
  -4.9327828e+01
  -4.9327828e+01
  -4.9327828e+01
  -4.9327797e+01
  -4.9327797e+01
  -4.9327797e+01
  -4.9327797e+01
  -4.9327797e+01
  -4.9327797e+01
  -4.9327797e+01
  -4.9327797e+01
  -4.9327797e+01
  -4.9327765e+01
  -4.9327765e+01
  -4.9327765e+01
  -4.9327765e+01
  -4.9327765e+01
  -4.9327765e+01
  -4.9327765e+01
  -4.9327765e+01
  -4.9327765e+01
  -4.9327732e+01
  -4.9327732e+01
  -4.9327732e+01
  -4.9327732e+01
  -4.9327732e+01
  -4.9327732e+01
  -4.9327732e+01
  -4.9327732e+01
  -4.9327732e+01
  -4.9327702e+01
  -4.9327702e+01
  -4.9327702e+01
  -4.9327702e+01
  -4.9327702e+01
  -4.9327702e+01
  -4.9327702e+01
  -4.9327702e+01
  -4.9327702e+01
  -4.9327671e+01
  -4.9327671e+01
  -4.9327671e+01
  -4.9327671e+01
  -4.9327671e+01
  -4.9327671e+01
  -4.9327671e+01
  -4.9327671e+01
  -4.9327671e+01
  -4.9327641e+01
  -4.9327641e+01
  -4.9327641e+01
  -4.9327641e+01
  -4.9327641e+01
  -4.9327641e+01
  -4.9327641e+01
  -4.9327641e+01
  -4.9327641e+01
  -4.9327611e+01
  -4.9327611e+01
  -4.9327611e+01
  -4.9327611e+01
  -4.9327611e+01
  -4.9327611e+01
  -4.9327611e+01
  -4.9327611e+01
  -4.9327611e+01
  -4.9327580e+01
  -4.9327580e+01
  -4.9327580e+01
  -4.9327580e+01
  -4.9327580e+01
  -4.9327580e+01
  -4.9327580e+01
  -4.9327580e+01
  -4.9327580e+01
  -4.9327580e+01
  -4.9327549e+01
  -4.9327549e+01
  -4.9327549e+01
  -4.9327549e+01
  -4.9327549e+01
  -4.9327549e+01
  -4.9327549e+01
  -4.9327549e+01
  -4.9327549e+01
  -4.9327549e+01
  -4.9327518e+01
  -4.9327518e+01
  -4.9327518e+01
  -4.9327518e+01
  -4.9327518e+01
  -4.9327518e+01
  -4.9327518e+01
  -4.9327518e+01
  -4.9327518e+01
  -4.9327518e+01
  -4.9327518e+01
  -4.9327489e+01
  -4.9327489e+01
  -4.9327489e+01
  -4.9327489e+01
  -4.9327489e+01
  -4.9327489e+01
  -4.9327489e+01
  -4.9327489e+01
  -4.9327489e+01
  -4.9327489e+01
  -4.9327489e+01
  -4.9327489e+01
  -4.9327457e+01
  -4.9327457e+01
  -4.9327457e+01
  -4.9327457e+01
  -4.9327457e+01
  -4.9327457e+01
  -4.9327457e+01
  -4.9327457e+01
  -4.9327457e+01
  -4.9327457e+01
  -4.9327457e+01
  -4.9327457e+01
  -4.9327426e+01
  -4.9327426e+01
  -4.9327426e+01
  -4.9327426e+01
  -4.9327426e+01
  -4.9327426e+01
  -4.9327426e+01
  -4.9327426e+01
  -4.9327426e+01
  -4.9327426e+01
  -4.9327426e+01
  -4.9327426e+01
  -4.9327395e+01
  -4.9327395e+01
  -4.9327395e+01
  -4.9327395e+01
  -4.9327395e+01
  -4.9327395e+01
  -4.9327395e+01
  -4.9327395e+01
  -4.9327395e+01
  -4.9327395e+01
  -4.9327395e+01
  -4.9327395e+01
  -4.9327363e+01
  -4.9327363e+01
  -4.9327363e+01
  -4.9327363e+01
  -4.9327363e+01
  -4.9327363e+01
  -4.9327363e+01
  -4.9327363e+01
  -4.9327363e+01
  -4.9327363e+01
  -4.9327363e+01
  -4.9327363e+01
  -4.9327331e+01
  -4.9327331e+01
  -4.9327331e+01
  -4.9327331e+01
  -4.9327331e+01
  -4.9327331e+01
  -4.9327331e+01
  -4.9327331e+01
  -4.9327331e+01
  -4.9327331e+01
  -4.9327331e+01
  -4.9327331e+01
  -4.9327299e+01
  -4.9327299e+01
  -4.9327299e+01
  -4.9327299e+01
  -4.9327299e+01
  -4.9327299e+01
  -4.9327299e+01
  -4.9327299e+01
  -4.9327299e+01
  -4.9327299e+01
  -4.9327299e+01
  -4.9327299e+01
  -4.9327266e+01
  -4.9327266e+01
  -4.9327266e+01
  -4.9327266e+01
  -4.9327266e+01
  -4.9327266e+01
  -4.9327266e+01
  -4.9327266e+01
  -4.9327266e+01
  -4.9327266e+01
  -4.9327266e+01
  -4.9327266e+01
  -4.9327236e+01
  -4.9327236e+01
  -4.9327236e+01
  -4.9327236e+01
  -4.9327236e+01
  -4.9327236e+01
  -4.9327236e+01
  -4.9327236e+01
  -4.9327236e+01
  -4.9327236e+01
  -4.9327236e+01
  -4.9327236e+01
  -4.9327205e+01
  -4.9327205e+01
  -4.9327205e+01
  -4.9327205e+01
  -4.9327205e+01
  -4.9327205e+01
  -4.9327205e+01
  -4.9327205e+01
  -4.9327205e+01
  -4.9327205e+01
  -4.9327205e+01
  -4.9327205e+01
  -4.9327176e+01
  -4.9327176e+01
  -4.9327176e+01
  -4.9327176e+01
  -4.9327176e+01
  -4.9327176e+01
  -4.9327176e+01
  -4.9327176e+01
  -4.9327176e+01
  -4.9327176e+01
  -4.9327176e+01
  -4.9327146e+01
  -4.9327146e+01
  -4.9327146e+01
  -4.9327146e+01
  -4.9327146e+01
  -4.9327146e+01
  -4.9327146e+01
  -4.9327146e+01
  -4.9327146e+01
  -4.9327146e+01
  -4.9327146e+01
  -4.9327116e+01
  -4.9327116e+01
  -4.9327116e+01
  -4.9327116e+01
  -4.9327116e+01
  -4.9327116e+01
  -4.9327116e+01
  -4.9327116e+01
  -4.9327116e+01
  -4.9327116e+01
  -4.9327116e+01
  -4.9327084e+01
  -4.9327084e+01
  -4.9327084e+01
  -4.9327084e+01
  -4.9327084e+01
  -4.9327084e+01
  -4.9327084e+01
  -4.9327084e+01
  -4.9327084e+01
  -4.9327084e+01
  -4.9327054e+01
  -4.9327054e+01
  -4.9327054e+01
  -4.9327054e+01
  -4.9327054e+01
  -4.9327054e+01
  -4.9327054e+01
  -4.9327054e+01
  -4.9327054e+01
  -4.9327054e+01
  -4.9327023e+01
  -4.9327023e+01
  -4.9327023e+01
  -4.9327023e+01
  -4.9327023e+01
  -4.9327023e+01
  -4.9327023e+01
  -4.9327023e+01
  -4.9327023e+01
  -4.9327023e+01
  -4.9327023e+01
  -4.9326993e+01
  -4.9326993e+01
  -4.9326993e+01
  -4.9326993e+01
  -4.9326993e+01
  -4.9326993e+01
  -4.9326993e+01
  -4.9326993e+01
  -4.9326993e+01
  -4.9326993e+01
  -4.9326993e+01
  -4.9326964e+01
  -4.9326964e+01
  -4.9326964e+01
  -4.9326964e+01
  -4.9326964e+01
  -4.9326964e+01
  -4.9326964e+01
  -4.9326964e+01
  -4.9326964e+01
  -4.9326964e+01
  -4.9326933e+01
  -4.9326933e+01
  -4.9326933e+01
  -4.9326933e+01
  -4.9326933e+01
  -4.9326933e+01
  -4.9326933e+01
  -4.9326933e+01
  -4.9326933e+01
  -4.9326933e+01
  -4.9326903e+01
  -4.9326903e+01
  -4.9326903e+01
  -4.9326903e+01
  -4.9326903e+01
  -4.9326903e+01
  -4.9326903e+01
  -4.9326903e+01
  -4.9326903e+01
  -4.9326903e+01
  -4.9326874e+01
  -4.9326874e+01
  -4.9326874e+01
  -4.9326874e+01
  -4.9326874e+01
  -4.9326874e+01
  -4.9326874e+01
  -4.9326874e+01
  -4.9326874e+01
  -4.9326874e+01
  -4.9326844e+01
  -4.9326844e+01
  -4.9326844e+01
  -4.9326844e+01
  -4.9326844e+01
  -4.9326844e+01
  -4.9326844e+01
  -4.9326844e+01
  -4.9326844e+01
  -4.9326815e+01
  -4.9326815e+01
  -4.9326815e+01
  -4.9326815e+01
  -4.9326815e+01
  -4.9326815e+01
  -4.9326815e+01
  -4.9326815e+01
  -4.9326815e+01
  -4.9326784e+01
  -4.9326784e+01
  -4.9326784e+01
  -4.9326784e+01
  -4.9326784e+01
  -4.9326784e+01
  -4.9326784e+01
  -4.9326784e+01
  -4.9326784e+01
  -4.9326752e+01
  -4.9326752e+01
  -4.9326752e+01
  -4.9326752e+01
  -4.9326752e+01
  -4.9326752e+01
  -4.9326752e+01
  -4.9326752e+01
  -4.9326752e+01
  -4.9326752e+01
  -4.9326722e+01
  -4.9326722e+01
  -4.9326722e+01
  -4.9326722e+01
  -4.9326722e+01
  -4.9326722e+01
  -4.9326722e+01
  -4.9326722e+01
  -4.9326722e+01
  -4.9326692e+01
  -4.9326692e+01
  -4.9326692e+01
  -4.9326692e+01
  -4.9326692e+01
  -4.9326692e+01
  -4.9326692e+01
  -4.9326692e+01
  -4.9326692e+01
  -4.9326692e+01
  -4.9326661e+01
  -4.9326661e+01
  -4.9326661e+01
  -4.9326661e+01
  -4.9326661e+01
  -4.9326661e+01
  -4.9326661e+01
  -4.9326661e+01
  -4.9326661e+01
  -4.9326661e+01
  -4.9326631e+01
  -4.9326631e+01
  -4.9326631e+01
  -4.9326631e+01
  -4.9326631e+01
  -4.9326631e+01
  -4.9326631e+01
  -4.9326631e+01
  -4.9326631e+01
  -4.9326631e+01
  -4.9326602e+01
  -4.9326602e+01
  -4.9326602e+01
  -4.9326602e+01
  -4.9326602e+01
  -4.9326602e+01
  -4.9326602e+01
  -4.9326602e+01
  -4.9326602e+01
  -4.9326602e+01
  -4.9326572e+01
  -4.9326572e+01
  -4.9326572e+01
  -4.9326572e+01
  -4.9326572e+01
  -4.9326572e+01
  -4.9326572e+01
  -4.9326572e+01
  -4.9326572e+01
  -4.9326572e+01
  -4.9326542e+01
  -4.9326542e+01
  -4.9326542e+01
  -4.9326542e+01
  -4.9326542e+01
  -4.9326542e+01
  -4.9326542e+01
  -4.9326542e+01
  -4.9326542e+01
  -4.9326542e+01
  -4.9326542e+01
  -4.9326513e+01
  -4.9326513e+01
  -4.9326513e+01
  -4.9326513e+01
  -4.9326513e+01
  -4.9326513e+01
  -4.9326513e+01
  -4.9326513e+01
  -4.9326513e+01
  -4.9326513e+01
  -4.9326488e+01
  -4.9326488e+01
  -4.9326488e+01
  -4.9326488e+01
  -4.9326488e+01
  -4.9326488e+01
  -4.9326488e+01
  -4.9326488e+01
  -4.9326488e+01
  -4.9326488e+01
  -4.9326461e+01
  -4.9326461e+01
  -4.9326461e+01
  -4.9326461e+01
  -4.9326461e+01
  -4.9326461e+01
  -4.9326461e+01
  -4.9326461e+01
  -4.9326461e+01
  -4.9326461e+01
  -4.9326437e+01
  -4.9326437e+01
  -4.9326437e+01
  -4.9326437e+01
  -4.9326437e+01
  -4.9326437e+01
  -4.9326437e+01
  -4.9326437e+01
  -4.9326437e+01
  -4.9326437e+01
  -4.9326413e+01
  -4.9326413e+01
  -4.9326413e+01
  -4.9326413e+01
  -4.9326413e+01
  -4.9326413e+01
  -4.9326413e+01
  -4.9326413e+01
  -4.9326413e+01
  -4.9326413e+01
  -4.9326388e+01
  -4.9326388e+01
  -4.9326388e+01
  -4.9326388e+01
  -4.9326388e+01
  -4.9326388e+01
  -4.9326388e+01
  -4.9326388e+01
  -4.9326388e+01
  -4.9326388e+01
  -4.9326388e+01
  -4.9326364e+01
  -4.9326364e+01
  -4.9326364e+01
  -4.9326364e+01
  -4.9326364e+01
  -4.9326364e+01
  -4.9326364e+01
  -4.9326364e+01
  -4.9326364e+01
  -4.9326364e+01
  -4.9326364e+01
  -4.9326339e+01
  -4.9326339e+01
  -4.9326339e+01
  -4.9326339e+01
  -4.9326339e+01
  -4.9326339e+01
  -4.9326339e+01
  -4.9326339e+01
  -4.9326339e+01
  -4.9326339e+01
  -4.9326339e+01
  -4.9326318e+01
  -4.9326318e+01
  -4.9326318e+01
  -4.9326318e+01
  -4.9326318e+01
  -4.9326318e+01
  -4.9326318e+01
  -4.9326318e+01
  -4.9326318e+01
  -4.9326318e+01
  -4.9326318e+01
  -4.9326299e+01
  -4.9326299e+01
  -4.9326299e+01
  -4.9326299e+01
  -4.9326299e+01
  -4.9326299e+01
  -4.9326299e+01
  -4.9326299e+01
  -4.9326299e+01
  -4.9326299e+01
  -4.9326281e+01
  -4.9326281e+01
  -4.9326281e+01
  -4.9326281e+01
  -4.9326281e+01
  -4.9326281e+01
  -4.9326281e+01
  -4.9326281e+01
  -4.9326281e+01
  -4.9326281e+01
  -4.9326265e+01
  -4.9326265e+01
  -4.9326265e+01
  -4.9326265e+01
  -4.9326265e+01
  -4.9326265e+01
  -4.9326265e+01
  -4.9326265e+01
  -4.9326265e+01
  -4.9326265e+01
  -4.9326265e+01
  -4.9326251e+01
  -4.9326251e+01
  -4.9326251e+01
  -4.9326251e+01
  -4.9326251e+01
  -4.9326251e+01
  -4.9326251e+01
  -4.9326251e+01
  -4.9326251e+01
  -4.9326251e+01
  -4.9326251e+01
  -4.9326237e+01
  -4.9326237e+01
  -4.9326237e+01
  -4.9326237e+01
  -4.9326237e+01
  -4.9326237e+01
  -4.9326237e+01
  -4.9326237e+01
  -4.9326237e+01
  -4.9326237e+01
  -4.9326237e+01
  -4.9326223e+01
  -4.9326223e+01
  -4.9326223e+01
  -4.9326223e+01
  -4.9326223e+01
  -4.9326223e+01
  -4.9326223e+01
  -4.9326223e+01
  -4.9326223e+01
  -4.9326223e+01
  -4.9326223e+01
  -4.9326210e+01
  -4.9326210e+01
  -4.9326210e+01
  -4.9326210e+01
  -4.9326210e+01
  -4.9326210e+01
  -4.9326210e+01
  -4.9326210e+01
  -4.9326210e+01
  -4.9326210e+01
  -4.9326210e+01
  -4.9326198e+01
  -4.9326198e+01
  -4.9326198e+01
  -4.9326198e+01
  -4.9326198e+01
  -4.9326198e+01
  -4.9326198e+01
  -4.9326198e+01
  -4.9326198e+01
  -4.9326198e+01
  -4.9326198e+01
  -4.9326186e+01
  -4.9326186e+01
  -4.9326186e+01
  -4.9326186e+01
  -4.9326186e+01
  -4.9326186e+01
  -4.9326186e+01
  -4.9326186e+01
  -4.9326186e+01
  -4.9326186e+01
  -4.9326186e+01
  -4.9326175e+01
  -4.9326175e+01
  -4.9326175e+01
  -4.9326175e+01
  -4.9326175e+01
  -4.9326175e+01
  -4.9326175e+01
  -4.9326175e+01
  -4.9326175e+01
  -4.9326175e+01
  -4.9326175e+01
  -4.9326163e+01
  -4.9326163e+01
  -4.9326163e+01
  -4.9326163e+01
  -4.9326163e+01
  -4.9326163e+01
  -4.9326163e+01
  -4.9326163e+01
  -4.9326163e+01
  -4.9326163e+01
  -4.9326163e+01
  -4.9326152e+01
  -4.9326152e+01
  -4.9326152e+01
  -4.9326152e+01
  -4.9326152e+01
  -4.9326152e+01
  -4.9326152e+01
  -4.9326152e+01
  -4.9326141e+01
  -4.9326141e+01
  -4.9326141e+01
  -4.9326141e+01
  -4.9326141e+01
  -4.9326141e+01
  -4.9326141e+01
  -4.9326131e+01
  -4.9326131e+01
  -4.9326131e+01
  -4.9326131e+01
  -4.9326131e+01
  -4.9326131e+01
  -4.9326131e+01
  -4.9326120e+01
  -4.9326120e+01
  -4.9326120e+01
  -4.9326120e+01
  -4.9326120e+01
  -4.9326120e+01
  -4.9326120e+01
