   6.4000003e-02
  -1.9999999e-03
   2.0000000e-02
  -8.8000000e-02
   1.0000000e-03
  -6.3000001e-02
   1.2200000e-01
   2.9802320e-11
   2.8999999e-02
  -9.8999999e-02
  -8.1000000e-02
   1.8999999e-02
  -1.0700000e-01
  -6.8999998e-02
  -7.2999999e-02
  -1.3600001e-01
   1.2000000e-02
   8.3999999e-02
   6.7000002e-02
   4.9999999e-03
  -3.2000002e-02
  -6.4000003e-02
   9.4999999e-02
  -1.8999999e-02
  -1.0000003e-03
   2.1000000e-02
   3.9999997e-03
   1.7100000e-01
   2.7999999e-02
  -1.4600000e-01
  -8.0000004e-03
  -5.6000002e-02
  -2.6000001e-02
  -8.9000002e-02
   5.0000001e-02
  -8.6000003e-02
   5.5000000e-02
  -7.0000007e-03
   9.7000003e-02
   2.1000000e-02
   3.3999998e-02
  -6.1000001e-02
  -8.8000000e-02
  -1.2500000e-01
  -6.4000003e-02
   4.6000000e-02
   4.6000000e-02
   1.6999999e-02
  -2.4000004e-02
  -4.1000005e-02
  -5.6000002e-02
  -8.9000002e-02
  -1.6600001e-01
  -1.3300000e-01
  -9.1000006e-02
  -3.4000002e-02
   9.3000002e-02
  -1.9999992e-03
   8.6999997e-02
  -1.1999999e-02
   1.3000001e-02
  -9.9999988e-03
  -3.3000000e-02
  -5.3999998e-02
   3.2000002e-02
  -5.7000000e-02
  -6.4000003e-02
  -6.3000001e-02
  -5.7000000e-02
  -7.9999994e-03
  -1.3400000e-01
  -9.3000002e-02
   5.2999999e-02
   3.0000000e-03
   4.1999999e-02
   1.2000000e-02
  -5.2000001e-02
  -8.6000003e-02
  -2.9999999e-02
   9.0000004e-02
   2.8000001e-02
  -9.6000001e-02
   4.7000002e-02
   1.0000007e-03
   2.2000000e-02
  -1.5000000e-02
  -4.6000000e-02
   5.7000000e-02
   1.0000001e-02
  -2.7999999e-02
   2.4000000e-02
  -3.9000001e-02
   4.3000001e-02
   8.6000003e-02
   1.2000000e-01
   6.6000000e-02
   3.1000001e-02
  -4.6999998e-02
  -6.6000000e-02
  -9.9999958e-04
  -9.3999997e-02
   9.0000005e-03
  -8.6000003e-02
  -1.1800000e-01
  -6.0000001e-03
   1.2000000e-02
   1.5899999e-01
   2.8999999e-02
   4.9999999e-03
  -1.1000000e-01
   1.0900000e-01
  -4.9000002e-02
   7.9999985e-03
  -1.8000001e-02
   2.9999999e-02
  -9.0000004e-02
  -8.8000000e-02
   1.3999999e-02
  -3.4000002e-02
  -5.4000001e-02
  -5.9000000e-02
  -3.0000001e-02
   5.9000000e-02
   2.1000000e-02
   8.2999997e-02
   1.7999999e-01
   2.1000000e-02
   9.8999999e-02
  -7.0000000e-02
  -2.2000000e-02
  -6.1000001e-02
   2.3000000e-02
  -3.9999999e-02
  -4.6999998e-02
   4.1999999e-02
  -1.1000000e-02
  -4.1000001e-02
  -9.9999970e-04
  -3.5000000e-02
  -9.2000000e-02
   9.9999988e-03
  -1.0400000e-01
  -1.0100000e-01
  -1.8400000e-01
  -3.0000007e-03
   1.1999999e-02
   2.3000000e-02
  -1.2000000e-01
  -6.1000001e-02
  -1.2800001e-01
  -1.3100000e-01
  -2.4600001e-01
  -1.1600000e-01
  -8.9000002e-02
  -6.4999998e-02
   3.3000000e-02
  -8.9999996e-03
   1.4000000e-02
  -3.3000000e-02
   8.0000004e-03
   1.4800000e-01
  -4.6000000e-02
   8.0000004e-03
   9.0000005e-03
   1.4000000e-01
   2.9999999e-02
  -4.5000002e-02
  -9.4999999e-02
  -3.7999999e-02
   4.1999999e-02
  -1.3000000e-02
  -4.8999999e-02
  -1.4000000e-02
   2.7999999e-02
  -1.5000000e-02
  -5.9000000e-02
  -4.5000002e-02
   1.1000000e-02
  -7.9999998e-02
  -1.0000001e-02
   1.4000000e-02
  -4.7000002e-02
  -1.1000000e-02
  -3.7000000e-02
  -2.6000001e-02
   7.9999998e-02
   5.0000004e-03
   1.0200000e-01
   6.6000000e-02
   6.4000003e-02
   5.0999999e-02
  -1.6999999e-02
   6.1999999e-02
  -1.5000000e-02
   5.7000000e-02
   3.0000001e-02
  -5.0000001e-02
  -1.1700000e-01
  -2.9999999e-02
  -1.2100000e-01
  -7.8999996e-02
  -1.6300000e-01
  -7.1000002e-02
  -5.0999999e-02
  -9.8999999e-02
  -8.9000002e-02
  -7.1999997e-02
   6.7999996e-02
   6.0000001e-03
  -8.3999999e-02
   3.5000000e-02
  -1.1200000e-01
  -9.9999998e-03
  -5.2999999e-02
  -1.8999999e-02
   7.7486040e-10
  -9.9999988e-03
  -2.3999998e-02
   4.1999999e-02
  -1.6999999e-02
  -9.4999999e-02
  -3.3000000e-02
  -1.0100000e-01
  -9.2000000e-02
  -8.2999997e-02
  -6.1000001e-02
  -1.5300000e-01
   9.0000005e-03
   7.9999998e-02
  -5.9999999e-02
  -1.2899999e-01
  -4.1000001e-02
   2.7000001e-02
   3.9999999e-02
  -1.5000000e-02
  -8.8000000e-02
  -8.3999999e-02
  -3.9000001e-02
  -1.2000000e-02
   2.5000000e-02
   1.3000000e-01
   3.7000000e-02
   6.0000001e-03
   7.7000000e-02
   9.3999997e-02
  -1.3300000e-01
   1.0000001e-02
   1.7000001e-02
  -4.8000000e-02
   1.1800000e-01
   7.1999997e-02
  -1.1000000e-02
   7.9000004e-02
   6.4000003e-02
   5.0000004e-03
  -1.6500001e-01
  -1.7300001e-01
  -1.1500000e-01
  -1.7900001e-01
  -4.4000003e-02
   9.9999970e-03
  -4.5000002e-02
  -1.3000003e-02
  -6.6000000e-02
  -6.8000004e-02
  -9.3000002e-02
  -8.6000003e-02
  -8.0000004e-03
  -9.9999998e-03
  -6.3000001e-02
  -8.1000000e-02
   6.4000003e-02
   3.7999999e-02
   2.1000000e-02
  -1.0100000e-01
  -1.0800000e-01
   1.3000001e-02
  -6.3000001e-02
  -8.3999999e-02
   5.6000002e-02
  -3.3999998e-02
   3.4000002e-02
   9.0000015e-03
  -7.1999997e-02
  -3.0000003e-03
  -2.5000000e-02
  -5.4000001e-02
  -8.2000002e-02
  -7.8000002e-02
   5.0000001e-02
  -5.9999999e-02
  -3.4000002e-02
  -1.7000000e-01
  -1.0000000e-03
  -3.7000000e-02
  -5.7999998e-02
  -7.9000004e-02
   2.8000001e-02
   4.8999999e-02
   3.3999998e-02
   4.9999999e-03
   1.0900000e-01
  -9.7999997e-02
   3.9999999e-02
  -4.6999998e-02
   2.3000000e-02
  -3.3000000e-02
  -4.6999998e-02
  -2.1000000e-02
   7.7000000e-02
  -4.4000000e-02
  -1.3900000e-01
  -6.4999998e-02
   6.1000001e-02
  -1.8000001e-01
  -9.8999999e-02
   5.9000000e-02
  -1.5000001e-02
  -1.1800000e-01
  -2.3000000e-02
  -5.9000000e-02
  -4.5000002e-02
  -1.1300000e-01
   1.6999999e-02
   4.8000000e-02
  -7.9999998e-02
  -5.9000000e-02
   2.5000000e-02
  -1.1000000e-02
  -8.9000002e-02
  -8.1000000e-02
  -5.2999999e-02
  -2.6000001e-02
   3.9999993e-03
   2.1000000e-02
  -7.5000003e-02
  -6.0000010e-03
  -5.0000008e-03
   2.6999999e-02
   1.2999999e-02
  -3.8000003e-02
  -1.1000001e-02
  -8.2000002e-02
  -1.5999999e-02
  -9.3999997e-02
  -1.1800000e-01
  -1.1300000e-01
   1.1000001e-02
   1.8000001e-02
  -1.0800000e-01
  -1.8999999e-02
  -1.9999994e-03
  -4.6000000e-02
  -1.0300000e-01
  -1.5200000e-01
  -1.4900000e-01
   6.1000001e-02
   1.8999999e-02
   6.6000000e-02
  -6.8000004e-02
  -1.1000000e-02
   6.1999999e-02
  -8.1000000e-02
   9.3999997e-02
   4.1000001e-02
  -9.0999998e-02
  -1.7100000e-01
  -6.7999996e-02
  -8.5000001e-02
  -3.9999988e-03
  -1.3800000e-01
  -6.3000001e-02
  -3.8999997e-02
  -1.4999999e-02
  -2.4999999e-02
   2.8000001e-02
  -1.5100001e-01
  -3.6000002e-02
  -8.3000004e-02
  -4.0000003e-02
  -3.3000000e-02
  -1.3400000e-01
   3.9999988e-03
   1.1999999e-02
   1.1999999e-02
  -6.8000004e-02
  -4.5000002e-02
  -4.4000000e-02
  -2.2700000e-01
  -4.6000000e-02
  -1.6900000e-01
  -9.0000004e-02
  -3.2000002e-02
  -7.2999999e-02
  -2.9000001e-02
   2.2999998e-02
  -4.9000002e-02
  -9.8000005e-02
   2.7999999e-02
  -9.0000015e-03
  -1.8800001e-01
  -9.6000001e-02
  -4.9000002e-02
  -4.1000001e-02
  -1.9000000e-01
  -8.3000004e-02
   4.1999999e-02
   2.9999997e-02
  -1.4000001e-02
  -9.7000003e-02
   3.5000000e-02
  -4.1000001e-02
  -8.7000005e-02
  -2.0000001e-02
  -1.0000003e-02
   7.9999976e-03
  -1.5000002e-02
  -1.8000003e-02
  -3.4000002e-02
   4.0999997e-02
  -1.9000003e-02
   7.7000000e-02
  -8.1000000e-02
  -8.3999999e-02
  -7.1000002e-02
  -1.0700000e-01
  -1.5700001e-01
   2.6999999e-02
  -6.7000002e-02
  -1.2000001e-02
  -5.6000002e-02
   5.2999999e-02
   7.8000002e-02
   3.1999998e-02
   1.7999999e-02
   1.9999989e-03
   6.8999998e-02
   8.1000000e-02
   8.5999995e-02
  -3.9999999e-02
  -9.7999997e-02
  -1.0600000e-01
  -1.3100000e-01
  -3.2000002e-02
   3.5999998e-02
  -1.6200000e-01
  -1.4500000e-01
  -9.3999997e-02
  -5.9000000e-02
  -8.0000004e-03
   1.9999999e-03
   4.6999998e-02
   4.3000001e-02
  -4.3000001e-02
  -5.7000000e-02
  -1.0200000e-01
  -1.0600000e-01
   1.5000000e-02
  -2.4000000e-02
   7.8000002e-02
   6.3000001e-02
   5.0999999e-02
   2.0000000e-02
   5.0000001e-02
   8.6000003e-02
  -1.7000001e-02
   2.7000001e-02
   2.2000000e-02
  -5.0999999e-02
  -1.4000000e-01
  -2.5999999e-02
   9.0000005e-03
   2.2000002e-02
  -1.2999999e-02
  -4.2999998e-02
   6.0000010e-03
  -1.0700000e-01
   3.0000001e-02
   3.8000003e-02
   3.0000001e-02
   1.8000001e-02
   1.1100000e-01
  -1.4500000e-01
  -1.5799999e-01
  -1.6100000e-01
   3.3000000e-02
   6.4999998e-02
   3.5762787e-10
  -3.9999999e-02
   9.0000004e-02
  -9.9999998e-03
  -1.2000000e-02
  -6.7000002e-02
  -3.3999998e-02
  -7.9999998e-02
   2.0000000e-02
  -5.7000000e-02
  -1.6700001e-01
  -1.9100000e-01
  -9.4000004e-02
  -1.5000003e-02
  -3.0000035e-03
  -7.3000006e-02
   4.8999995e-02
  -2.1000003e-02
   5.8999997e-02
  -1.3600001e-01
  -3.0000003e-02
  -9.9000007e-02
   7.7000000e-02
  -9.3000002e-02
  -5.3000003e-02
  -7.5000003e-02
  -1.9000000e-01
  -1.4500000e-01
  -1.1200000e-01
  -1.2200000e-01
  -3.1999998e-02
  -4.8999999e-02
  -1.0000000e-01
  -8.2000002e-02
  -5.5000000e-02
  -7.9999998e-02
  -4.2999998e-02
  -2.8999999e-02
   7.9999998e-02
  -8.9000002e-02
  -1.8100001e-01
  -1.9000003e-02
  -3.6000002e-02
  -1.9400001e-01
  -6.4000003e-02
   7.0000000e-02
   7.0000000e-02
   1.8999998e-02
   5.4999996e-02
   1.0200000e-01
   2.5999997e-02
  -2.6000002e-02
  -1.0500000e-01
  -7.9999998e-02
  -7.1999997e-02
  -7.0000000e-02
  -2.6999999e-02
  -4.6999998e-02
  -7.2999999e-02
   3.0000017e-03
  -2.8999999e-02
  -3.1999998e-02
   3.3000000e-02
  -1.4999999e-02
   2.7000001e-02
   7.9999998e-02
   8.0000013e-03
   6.0000002e-02
   8.5000001e-02
   1.0300000e-01
  -2.8999999e-02
   7.0000000e-02
   6.4999998e-02
   1.1300000e-01
   1.2100000e-01
   1.0000001e-02
   8.6999997e-02
   6.1000001e-02
   5.7000000e-02
   5.6000002e-02
   1.2100000e-01
   3.5000000e-02
   4.5000002e-02
   2.5000000e-02
   6.3000001e-02
   9.3999997e-02
   4.4000000e-02
   1.2000000e-01
   1.4300001e-01
  -8.2000002e-02
  -4.0000002e-03
   9.4999999e-02
   8.9999996e-03
   6.1999999e-02
   1.0600000e-01
   1.2000000e-02
   2.2000000e-02
  -1.4700000e-01
  -2.2000000e-02
  -4.4000000e-02
  -4.1999999e-02
   8.0000004e-03
  -6.1999999e-02
   2.3000000e-02
  -3.2000002e-02
  -1.7999999e-02
  -1.0400000e-01
  -9.3999997e-02
  -1.6999999e-02
  -3.0000000e-03
  -6.4000003e-02
  -1.4500000e-01
  -1.7800000e-01
  -6.4999998e-02
  -1.0900000e-01
   9.3000002e-02
   2.9000001e-02
  -2.1000000e-02
  -1.5099999e-01
  -2.5000000e-02
  -1.1600000e-01
  -2.6999999e-02
  -4.9999994e-03
  -1.6999999e-02
   1.1000000e-01
  -5.7999998e-02
  -1.4200000e-01
  -5.4999996e-02
   3.0000003e-02
  -1.4299999e-01
   1.7000003e-02
  -5.7999998e-02
  -8.3999999e-02
  -2.9999997e-02
  -8.8999994e-02
  -6.8999998e-02
  -1.0399999e-01
  -4.8999999e-02
  -1.3999998e-02
  -6.8999998e-02
  -8.6000003e-02
  -1.7800000e-01
  -1.3800000e-01
  -2.1100000e-01
  -8.9000002e-02
  -1.0000000e-01
  -5.0999999e-02
  -6.4000003e-02
  -1.4300001e-01
  -6.4999998e-02
  -1.2100000e-01
  -4.5000002e-02
  -7.1999997e-02
  -3.2000002e-02
  -1.5200000e-01
   1.2000000e-02
   3.9999997e-03
   4.8000000e-02
   5.2000001e-02
  -1.0000000e-01
  -4.3000001e-02
  -1.8000001e-02
  -1.1200000e-01
  -4.3000001e-02
   1.3200000e-01
  -4.1000001e-02
  -2.2000000e-02
  -1.1800000e-01
  -1.9300000e-01
  -1.2500000e-01
  -1.3800000e-01
  -7.2999999e-02
  -7.4000001e-02
   7.5999998e-02
  -1.1200000e-01
  -9.7000003e-02
  -8.9000002e-02
  -1.3500001e-01
  -4.1000001e-02
  -6.2000003e-02
  -1.0400000e-01
  -5.5999998e-02
  -2.0000000e-01
  -1.2600000e-01
  -5.0999999e-02
  -4.9999997e-02
  -1.5000001e-01
  -1.6599999e-01
  -1.4399999e-01
  -1.5000001e-01
  -6.4999998e-02
  -1.6499999e-01
  -7.7000000e-02
  -3.3999998e-02
  -1.2200000e-01
  -1.5000001e-01
  -6.4000003e-02
  -1.8500000e-01
  -1.0600000e-01
  -1.2000002e-02
  -5.8000002e-02
  -2.2900000e-01
  -5.7000004e-02
  -2.0400000e-01
  -9.8000005e-02
  -1.1300001e-01
  -1.9599999e-01
  -2.3100001e-01
  -2.0200001e-01
  -1.6700000e-01
   3.2000002e-02
  -4.6999998e-02
   9.2000000e-02
  -5.1999997e-02
   4.4000000e-02
  -5.7999998e-02
   2.8000001e-02
   1.1100000e-01
   4.8000000e-02
  -3.8999997e-02
   2.9000001e-02
   2.9000001e-02
  -4.9999997e-02
  -1.0600000e-01
   2.9000001e-02
   8.3000004e-02
  -1.5800001e-01
  -8.1000000e-02
  -1.5300000e-01
   6.6000000e-02
  -5.1000003e-02
  -1.0600000e-01
  -1.5000002e-02
   3.1999998e-02
  -2.4000002e-02
   5.8999997e-02
  -1.0600000e-01
  -2.3000002e-02
   9.9999979e-03
  -9.0999998e-02
  -1.1000002e-02
   7.1999997e-02
  -1.6900000e-01
  -8.8000000e-02
  -9.1000006e-02
   2.0999998e-02
  -3.0000028e-03
  -4.2000003e-02
  -3.9000005e-02
  -6.0000028e-03
  -6.2000003e-02
  -5.0000004e-02
  -1.0000003e-02
  -5.5000003e-02
   3.9999974e-03
  -8.2000002e-02
   2.9999997e-02
  -1.3400000e-01
  -1.3100000e-01
  -2.0000001e-03
  -3.7999999e-02
  -9.7000003e-02
  -1.1700000e-01
  -3.0999999e-02
  -2.5000000e-02
  -4.8999999e-02
   4.9999999e-03
  -1.3200000e-01
  -2.3000000e-02
  -1.5099999e-01
  -1.0800000e-01
  -6.8999998e-02
  -7.0000000e-02
   4.0000002e-03
  -3.4000002e-02
   1.2899999e-01
  -2.2200000e-01
  -1.5000001e-01
  -1.0100000e-01
  -7.9000004e-02
  -5.4000001e-02
  -7.9000004e-02
  -7.7000000e-02
  -6.4999998e-02
  -6.1000004e-02
  -5.2000005e-02
  -5.0000004e-02
  -4.9000002e-02
  -3.8000003e-02
  -3.4000002e-02
   1.3999997e-02
   1.5999997e-02
  -7.2999999e-02
  -2.6999999e-02
  -8.9999996e-02
  -4.0999997e-02
  -1.1300000e-01
   5.0000013e-03
   4.0000011e-03
  -4.6999998e-02
   6.7000002e-02
   6.6000000e-02
   5.4000001e-02
   7.4000001e-02
   3.9999999e-02
   4.4000000e-02
  -9.7999997e-02
  -3.4999996e-02
  -8.6999997e-02
  -6.0999997e-02
  -2.0999998e-02
  -7.5999998e-02
  -3.6999997e-02
  -2.2999998e-02
  -9.0999998e-02
  -3.0999998e-02
  -5.6999996e-02
  -6.1999999e-02
   1.0100000e-01
   4.1000001e-02
  -6.9999979e-03
  -3.4999996e-02
   3.5000000e-02
  -1.0000000e-01
  -8.8000000e-02
   5.9000000e-02
  -6.9999979e-03
   2.1000002e-02
   2.6000002e-02
  -1.4800000e-01
  -1.0600000e-01
   3.9999993e-03
  -1.1000000e-01
   1.5999999e-02
   3.9999993e-03
  -1.9000001e-02
  -2.5000000e-02
  -3.1000001e-02
   8.9999987e-03
  -8.3999999e-02
   1.5999999e-02
   5.3999998e-02
  -3.1000001e-02
  -6.4999998e-02
  -3.3000000e-02
  -7.5000003e-02
  -8.9000002e-02
  -8.6999997e-02
  -1.5000000e-02
  -6.1000001e-02
  -7.5000003e-02
  -3.9999993e-03
  -4.4999998e-02
  -4.1999999e-02
   7.5999998e-02
   3.2000002e-02
   1.1000001e-02
   4.3000001e-02
  -9.9999958e-04
  -1.4000000e-02
  -1.0100000e-01
  -1.3000001e-02
   1.5999999e-02
   1.7999999e-02
   7.9999985e-03
  -4.4000000e-02
  -2.6000001e-02
  -2.0200001e-01
  -1.3400000e-01
   5.9000000e-02
  -7.2999999e-02
  -1.8000001e-02
  -4.5000002e-02
  -1.4200000e-01
  -1.6200000e-01
  -1.8900000e-01
  -1.0700000e-01
  -1.4200000e-01
  -7.9999998e-02
  -1.4900000e-01
  -4.1000001e-02
  -1.1000000e-01
  -1.8400000e-01
  -2.1200000e-01
  -1.8000001e-02
  -1.1200000e-01
  -7.0000016e-03
  -1.1600000e-01
  -4.6000000e-02
  -7.5000003e-02
  -1.7000001e-02
  -9.2000000e-02
  -2.9000001e-02
  -4.5000002e-02
   4.4000000e-02
  -4.9000002e-02
  -8.9000002e-02
   9.9999979e-03
  -6.0000019e-03
  -2.2000002e-02
   5.5000000e-02
  -9.0000004e-02
  -1.5400000e-01
  -9.6000001e-02
  -1.6000003e-02
  -6.0000002e-02
  -2.6000002e-02
  -3.5000000e-02
   4.9999997e-02
  -6.2000003e-02
  -1.6000003e-02
  -7.8000002e-02
  -2.6400000e-01
  -9.4999999e-02
   1.4000003e-02
  -7.5999998e-02
   1.5000003e-02
  -7.7000000e-02
  -8.9999996e-02
   2.2000004e-02
   1.1000004e-02
   4.4000003e-02
  -4.9999997e-02
   1.2000003e-02
  -2.8999997e-02
  -1.0500000e-01
  -1.1200000e-01
  -1.0300000e-01
  -9.2000000e-02
  -3.7999999e-02
  -8.6999997e-02
  -3.5999998e-02
   2.3000000e-02
   7.0000000e-02
   5.0000001e-02
  -3.0000001e-02
   2.2000000e-02
   2.6999999e-02
   2.3000000e-02
  -1.6000001e-02
  -8.6999997e-02
   1.6999999e-02
  -3.5999998e-02
  -4.4999998e-02
   3.1000003e-02
  -1.3999998e-02
   1.0000003e-02
   1.7000003e-02
  -7.0000000e-02
  -4.9999997e-02
  -3.3999998e-02
   3.1000003e-02
   9.0000024e-03
  -9.9999994e-02
   2.6000002e-02
   3.5000004e-02
  -2.9999997e-02
  -1.6900000e-01
  -3.7999999e-02
  -6.6999994e-02
  -1.3200000e-01
   5.2000001e-02
  -1.5699999e-01
   8.8000000e-02
   1.2000003e-02
  -6.4999998e-02
   6.1000004e-02
  -1.4999998e-02
  -3.2999996e-02
  -4.9999976e-03
   4.4000003e-02
   4.0000003e-02
  -6.8000004e-02
  -7.9000004e-02
  -1.0300000e-01
  -1.0100000e-01
  -7.5999998e-02
  -6.3000001e-02
   3.7999999e-02
  -3.2000002e-02
   7.5000003e-02
  -1.1100000e-01
  -7.8000002e-02
  -2.5000000e-02
  -1.0300000e-01
   2.3000000e-02
  -1.7000001e-02
  -5.5000000e-02
  -1.4800000e-01
  -2.0200001e-01
  -9.8999999e-02
  -1.3000000e-01
  -1.0000000e-01
  -3.3000000e-02
  -8.5000001e-02
  -5.5000000e-02
  -1.2000000e-01
  -8.5000001e-02
  -2.1000002e-02
  -3.0000017e-03
   2.7999999e-02
  -3.5000000e-02
  -2.6000002e-02
   4.4000000e-02
  -1.5200000e-01
  -1.1000000e-01
  -1.2799999e-01
  -1.0300000e-01
  -7.8000002e-02
   1.0000002e-02
  -1.1000000e-01
  -9.8999999e-02
  -7.5999998e-02
   1.0500000e-01
   3.2000002e-02
  -1.1600000e-01
  -7.0000000e-02
   2.2000002e-02
  -3.9999979e-03
  -5.2999999e-02
  -2.7599999e-01
  -1.7399999e-01
  -1.5600000e-01
  -1.6700000e-01
  -1.2199999e-01
  -1.1600000e-01
  -1.6900000e-01
   4.4000000e-02
   7.9999994e-03
  -9.4999999e-02
  -3.3000000e-02
  -6.7000002e-02
   6.7999996e-02
   1.2200000e-01
   3.7999999e-02
   5.5999998e-02
   9.2000000e-02
  -1.2000000e-02
   1.5400000e-01
   6.1999999e-02
   7.5999998e-02
   1.9999999e-03
   6.4999998e-02
  -1.6999999e-02
  -6.4999998e-02
   8.0000013e-03
  -7.5999998e-02
   5.8000002e-02
   1.2100000e-01
   2.3000002e-02
  -1.2999998e-02
  -2.7999999e-02
   3.7000000e-02
   6.7000002e-02
   1.3500001e-01
   1.0400000e-01
   1.0000013e-03
  -6.9999988e-03
   1.2400000e-01
  -1.9999999e-03
  -6.6000000e-02
  -3.9999997e-03
   3.7000000e-02
   3.4000002e-02
   2.6000001e-02
   8.6000003e-02
   2.7000001e-02
  -1.8600000e-01
  -1.7300001e-01
  -2.2400001e-01
  -1.6600001e-01
  -8.7000005e-02
   4.5999993e-02
  -7.5000003e-02
  -2.4000006e-02
   7.4999996e-02
  -1.8000007e-02
  -1.4000000e-01
  -4.5000006e-02
  -6.2000006e-02
  -9.0000004e-02
  -1.9000007e-02
  -1.1900001e-01
  -4.9000006e-02
  -1.2000007e-02
  -4.6000000e-02
  -6.0000002e-02
  -1.7000001e-02
   5.5999998e-02
   5.3999998e-02
  -7.0000016e-03
   8.9999977e-03
  -1.3300000e-01
  -5.4000001e-02
  -1.4000000e-02
   3.9000001e-02
  -7.0000007e-03
  -3.8000003e-02
  -4.9000002e-02
  -4.1000001e-02
  -2.3100001e-01
  -2.7900001e-01
  -1.2800001e-01
  -2.0400001e-01
  -1.1800001e-01
  -1.2300000e-01
  -1.8100001e-01
  -8.6000003e-02
  -3.0000061e-03
  -1.8700001e-01
  -9.8000005e-02
  -2.3500000e-01
  -1.4900000e-01
  -1.3300000e-01
  -6.3000008e-02
  -1.4100000e-01
  -1.4500001e-01
  -2.7300000e-01
  -1.8300001e-01
  -1.6800000e-01
  -6.3000001e-02
  -1.0100000e-01
  -1.4300001e-01
  -1.2500000e-01
  -1.1500000e-01
  -7.6000005e-02
  -8.5000001e-02
  -8.9000002e-02
  -1.1600000e-01
  -9.3000002e-02
  -7.2999999e-02
  -7.8999996e-02
  -4.1999999e-02
  -4.6999998e-02
  -7.0000000e-02
  -9.3999997e-02
  -6.7000002e-02
  -1.2899999e-01
  -6.3000001e-02
  -4.4000003e-02
  -2.3000004e-02
  -2.0000036e-03
  -3.7000004e-02
  -5.2000005e-02
  -3.3000004e-02
  -5.0000004e-02
  -9.1000006e-02
  -1.8900001e-01
  -1.3900000e-01
  -1.8099999e-01
  -1.9599999e-01
  -1.2800001e-01
  -1.5400000e-01
  -1.2600000e-01
  -1.7200001e-01
  -1.3900000e-01
  -1.3800000e-01
  -2.0400000e-01
  -1.8700001e-01
  -1.8400000e-01
   2.1000002e-02
   3.0000017e-03
   3.2000002e-02
   3.0000017e-03
   1.2000002e-02
  -2.8999999e-02
  -4.9999985e-03
  -2.0999998e-02
  -2.8999999e-02
  -8.3999999e-02
  -5.7999998e-02
  -8.6999997e-02
  -1.4800000e-01
  -1.2300000e-01
  -2.5000000e-02
  -1.2000001e-02
   4.6999998e-02
   5.9999991e-03
  -1.4000001e-02
  -6.4000003e-02
  -7.4000001e-02
  -8.1000000e-02
  -9.8999999e-02
  -9.4000004e-02
  -9.3000002e-02
  -8.8000000e-02
  -6.3000001e-02
  -1.1700001e-01
  -3.7000004e-02
  -7.7000007e-02
  -6.8000004e-02
  -7.4000001e-02
  -7.7000007e-02
  -1.7000000e-01
  -1.6300000e-01
  -1.1400000e-01
  -6.9000006e-02
  -5.4000005e-02
  -8.1000000e-02
  -6.0000002e-02
  -8.9000002e-02
  -5.6000002e-02
  -3.4000002e-02
  -3.0000000e-03
  -6.6000000e-02
  -1.1200000e-01
  -2.3000000e-02
   1.3000000e-02
  -1.1500000e-01
  -2.4000000e-02
  -1.4300001e-01
  -7.1999997e-02
  -9.7000003e-02
  -1.0100000e-01
  -1.8500000e-01
  -1.5099999e-01
  -1.6399999e-01
  -7.8999996e-02
  -8.3999999e-02
  -9.2999995e-02
  -4.9999997e-02
  -7.9999967e-03
  -4.3999996e-02
  -4.9999971e-03
  -6.7999996e-02
  -7.7000000e-02
  -5.5999998e-02
  -1.1700000e-01
  -9.8999999e-02
  -7.1000002e-02
   1.4000000e-02
  -1.7000001e-02
   9.9999998e-03
  -2.5000000e-02
  -1.2300000e-01
  -1.7000000e-01
  -8.8000000e-02
  -9.7000003e-02
  -7.9999998e-02
  -9.0999998e-02
  -1.1500000e-01
  -1.3800000e-01
  -7.6000005e-02
  -1.0600001e-01
  -1.4500000e-01
  -1.0000000e-01
  -1.0700000e-01
  -1.3100000e-01
  -1.6300000e-01
  -1.5000001e-01
  -1.1200000e-01
  -2.0400000e-01
  -2.7000001e-01
  -3.3000001e-01
  -3.6399999e-01
  -1.2100000e-01
  -9.8999999e-02
  -8.6999997e-02
  -3.7999999e-02
  -9.3999997e-02
  -8.5999995e-02
  -9.3000002e-02
  -1.2600000e-01
  -1.3800000e-01
  -6.0999997e-02
  -9.9999988e-03
  -1.0200000e-01
  -1.9400001e-01
  -1.6100000e-01
  -2.5500000e-01
  -9.0000004e-02
  -3.3000004e-02
  -3.3000004e-02
   1.3999999e-02
  -2.7000003e-02
   3.5999998e-02
  -1.8000001e-02
   2.9999982e-03
   8.9999977e-03
  -9.2000000e-02
  -7.1000002e-02
  -9.2000000e-02
  -7.0000000e-02
  -2.2800000e-01
  -1.7399999e-01
  -2.1900000e-01
  -8.8000000e-02
  -4.6999998e-02
  -1.8999999e-02
  -9.9999988e-03
  -6.3999996e-02
  -8.2000002e-02
  -9.6000001e-02
  -3.3000000e-02
  -9.6000001e-02
  -8.5000001e-02
  -1.4000000e-01
  -7.9999998e-02
  -8.3999999e-02
  -9.2000000e-02
  -1.7800000e-01
  -2.7300000e-01
  -8.9999996e-02
  -9.7000003e-02
  -8.3999999e-02
  -7.1999997e-02
  -1.1000000e-01
  -1.1000000e-01
  -1.0600000e-01
  -6.7999996e-02
  -4.2999998e-02
  -7.8999996e-02
  -4.4999998e-02
  -6.3000001e-02
  -9.7999997e-02
  -1.0600000e-01
  -4.1000001e-02
  -1.3400000e-01
  -6.8999998e-02
  -8.6999997e-02
  -3.9999999e-02
   8.0000004e-03
  -3.7999999e-02
  -3.9999999e-02
  -1.1100000e-01
  -1.0400000e-01
  -1.0100000e-01
  -9.2000000e-02
  -9.4999999e-02
  -1.2500000e-01
  -1.8400000e-01
  -1.9599999e-01
  -3.1500000e-01
  -1.6900000e-01
  -1.1600000e-01
  -8.2000002e-02
  -8.6000003e-02
  -5.6000002e-02
  -1.1800000e-01
  -2.6000002e-02
  -3.5000004e-02
  -9.3000002e-02
  -7.9000004e-02
  -2.0000003e-02
  -2.9000003e-02
  -9.1000006e-02
  -5.1000003e-02
  -1.6800000e-01
  -2.0700000e-01
  -1.7100000e-01
  -1.0600000e-01
  -1.6800000e-01
  -1.0900000e-01
  -1.4000000e-01
  -7.9999998e-02
  -1.0600000e-01
  -8.8000000e-02
  -1.3900000e-01
  -2.1699999e-01
  -5.3999998e-02
  -1.0300000e-01
  -2.2600001e-01
  -1.3700001e-01
  -1.4500001e-01
  -1.7400001e-01
  -5.9000004e-02
  -1.6200000e-01
  -1.1300001e-01
  -1.7200001e-01
  -2.0300001e-01
  -1.3500001e-01
  -1.4800000e-01
  -1.1200000e-01
  -1.2700000e-01
  -2.2700000e-01
   4.6999998e-02
   1.0100000e-01
   6.8999998e-02
   1.0700000e-01
   7.8000002e-02
   7.9999998e-02
  -4.6999998e-02
  -2.6000001e-02
   5.9604641e-11
  -9.9999998e-03
  -8.6000003e-02
  -4.5000002e-02
   4.8999999e-02
   7.9000004e-02
  -1.2600000e-01
  -4.6000000e-02
  -4.1000001e-02
  -4.0000003e-02
  -1.3000001e-02
  -6.3000001e-02
  -5.1000003e-02
  -1.7000001e-02
   9.2000000e-02
   5.9000000e-02
   4.9999997e-02
  -5.2000001e-02
  -6.2000003e-02
  -5.9000000e-02
  -1.0800000e-01
  -9.2999995e-02
  -6.7999996e-02
  -6.7999996e-02
  -6.3999996e-02
  -6.1999999e-02
  -7.7000000e-02
  -1.3100000e-01
  -5.8999997e-02
  -4.8999999e-02
  -6.3000001e-02
  -1.1600000e-01
  -2.0500000e-01
  -5.8999997e-02
  -9.7999997e-02
  -1.2200000e-01
  -7.9000004e-02
   9.9999958e-04
  -7.5999998e-02
  -1.3000000e-02
  -4.1999999e-02
  -6.8000004e-02
  -1.0300000e-01
  -3.7999999e-02
  -1.2400000e-01
  -9.6000001e-02
  -1.0800000e-01
  -8.6000003e-02
  -5.2000001e-02
  -4.6000000e-02
  -2.9000001e-02
  -8.3999999e-02
  -4.9000002e-02
  -7.5999998e-02
  -8.2000002e-02
  -8.6999997e-02
  -1.5899999e-01
  -2.1100000e-01
  -4.5000002e-02
  -1.7300001e-01
  -1.8799999e-01
  -2.0700000e-01
  -1.9800000e-01
  -2.3900001e-01
  -2.9699999e-01
  -2.3999999e-01
  -2.3000000e-01
  -2.4600001e-01
  -2.8299999e-01
  -1.8700001e-01
  -2.3999999e-01
  -2.7200001e-01
  -2.8400001e-01
  -2.1799999e-01
  -2.3000000e-01
  -2.2900000e-01
  -2.3500000e-01
  -2.5500000e-01
  -2.5400001e-01
  -1.9100000e-01
  -1.1600000e-01
  -2.0900001e-01
  -2.8200001e-01
  -2.1799999e-01
  -2.1500000e-01
  -2.0500000e-01
  -2.2400001e-01
  -1.5800001e-01
  -2.2100000e-01
  -2.0900001e-01
  -2.0500000e-01
  -2.5999999e-01
  -2.7000001e-01
  -2.7300000e-01
  -1.8600000e-01
  -1.0100000e-01
  -1.8400000e-01
  -1.7600000e-01
  -2.0800000e-01
  -1.1100000e-01
  -1.5700001e-01
  -2.0500000e-01
  -1.5000001e-01
  -1.0700000e-01
  -1.7399999e-01
  -1.3100000e-01
  -5.6000002e-02
  -1.2700000e-01
  -5.9000000e-02
  -7.1000002e-02
  -4.8000000e-02
  -2.9000001e-02
  -7.1000002e-02
  -1.4700000e-01
  -7.8000002e-02
  -6.6000000e-02
  -2.8000003e-02
  -5.3000003e-02
  -1.3700001e-01
  -7.2999999e-02
  -2.7000003e-02
  -9.6000001e-02
  -1.0800000e-01
  -2.7000001e-02
   1.8999999e-02
   2.9999999e-02
   2.9999989e-03
   1.4999999e-02
   4.1999999e-02
   6.1000001e-02
  -1.8000001e-02
  -2.9000001e-02
   4.1999999e-02
  -2.4000000e-02
  -3.8000003e-02
   3.7000000e-02
  -5.2000001e-02
  -3.3000000e-02
  -9.6000001e-02
  -8.3999999e-02
  -7.9999998e-02
  -2.7000001e-02
  -1.2000000e-01
  -1.0400000e-01
  -1.0100000e-01
  -7.2000004e-02
  -7.2000004e-02
  -9.7999997e-02
  -5.1000003e-02
  -5.4000001e-02
  -4.8000000e-02
  -1.2799999e-01
  -1.1300000e-01
  -1.7900001e-01
  -2.1699999e-01
  -1.2200000e-01
  -1.5200000e-01
  -1.7800000e-01
  -2.1900000e-01
  -1.6300000e-01
  -2.1100000e-01
  -1.9200000e-01
  -4.4000000e-02
  -8.8000000e-02
  -8.6000003e-02
  -3.6000002e-02
  -1.3000000e-01
  -1.5000001e-01
  -1.9599999e-01
  -1.7700000e-01
  -9.0000004e-02
  -3.3000000e-02
  -3.2000002e-02
  -7.5999998e-02
  -2.6300001e-01
  -2.3000000e-01
  -2.6600000e-01
  -3.0500001e-01
  -2.5800002e-01
  -1.8800001e-01
  -2.7900001e-01
  -2.6199999e-01
  -1.4800000e-01
  -1.8100001e-01
  -2.1600001e-01
  -2.1800001e-01
  -1.7800000e-01
  -2.1200000e-01
  -1.4900000e-01
  -1.7000000e-01
  -2.0200001e-01
  -1.9300000e-01
  -1.8800001e-01
  -2.2700000e-01
  -1.7600000e-01
  -2.0300001e-01
  -1.4800000e-01
  -1.6500001e-01
  -2.1300000e-01
  -1.5800001e-01
  -1.2600000e-01
  -1.0700000e-01
  -2.2600000e-01
  -2.0500000e-01
  -2.6300001e-01
  -2.6600000e-01
  -2.8999999e-01
  -3.1299999e-01
  -2.9400000e-01
  -2.8000000e-01
  -9.0000004e-02
  -5.0000004e-02
  -9.8999999e-02
  -1.1300001e-01
  -5.2000005e-02
  -1.4900000e-01
  -8.4000006e-02
  -4.3000001e-02
  -8.9000002e-02
  -1.0500000e-01
  -1.6900000e-01
  -1.2800001e-01
  -2.5200000e-01
  -1.5600000e-01
  -1.5100001e-01
  -1.3900000e-01
  -1.9600001e-01
  -1.1800000e-01
  -1.6700000e-01
  -1.9900000e-01
  -2.3000000e-01
  -2.0600000e-01
  -1.9700000e-01
  -1.9900000e-01
  -1.8600000e-01
  -1.1600000e-01
  -1.5100001e-01
  -1.1400000e-01
  -8.7000005e-02
  -5.3000003e-02
  -4.4000003e-02
  -1.2500000e-01
  -1.0700000e-01
  -1.3800000e-01
  -1.0900000e-01
  -2.9000003e-02
  -2.3600000e-01
  -2.2300000e-01
  -2.1500000e-01
  -1.4300001e-01
  -1.5700001e-01
  -1.7100000e-01
  -2.1100001e-01
  -1.5900001e-01
  -9.8999999e-02
  -1.0400000e-01
  -1.1100000e-01
  -7.7000000e-02
  -3.2600001e-01
  -3.5300002e-01
  -3.6500001e-01
  -3.5400000e-01
  -3.4000000e-01
  -3.9399999e-01
  -3.0599999e-01
  -3.2800001e-01
  -3.0100000e-01
  -3.0000001e-01
  -1.9500001e-01
  -1.3600001e-01
  -1.9200000e-01
  -2.0500000e-01
  -2.3100001e-01
  -1.8700001e-01
  -2.1900000e-01
  -2.4000001e-01
  -2.8800002e-01
  -2.8000000e-01
  -2.6699999e-01
  -1.4500000e-01
  -2.0000000e-01
  -1.7900001e-01
  -1.2200000e-01
  -1.3000001e-01
  -1.4400001e-01
  -1.3600001e-01
  -2.1700001e-01
  -1.9100000e-01
  -7.4000001e-02
  -4.5000002e-02
  -1.1800000e-01
  -1.1000000e-01
  -1.7400001e-01
  -2.8800002e-01
  -2.8700000e-01
  -3.2900000e-01
  -2.0800000e-01
  -2.2600000e-01
  -1.9500001e-01
   1.6999997e-02
   1.5200000e-01
   1.6700000e-01
   1.2199999e-01
  -2.5999999e-01
  -2.9500002e-01
  -2.7599999e-01
  -2.4100000e-01
  -3.6000001e-01
  -2.6800001e-01
  -2.5299999e-01
  -2.6800001e-01
  -2.0400000e-01
  -2.9899999e-01
  -3.3300000e-01
  -2.2600000e-01
  -2.3000000e-01
  -2.1100001e-01
  -2.7800000e-01
  -2.9300001e-01
  -2.1800001e-01
  -2.3500000e-01
  -2.0600000e-01
  -3.8000003e-02
   9.9999690e-04
   3.2999996e-02
   1.1099999e-01
   5.1999997e-02
  -1.5000003e-02
  -1.5600000e-01
  -2.0800000e-01
  -1.6700000e-01
  -7.6000005e-02
  -8.0000032e-03
   1.4999997e-02
  -4.3000001e-02
  -6.5000005e-02
  -1.9700000e-01
  -1.1500000e-01
  -1.4200000e-01
  -5.4000001e-02
  -6.7000002e-02
  -1.1200000e-01
  -9.0999998e-02
  -1.2300000e-01
  -2.0700000e-01
  -1.8400000e-01
  -2.2000000e-01
  -1.8600000e-01
  -1.7800000e-01
  -1.9599999e-01
  -2.0900001e-01
  -2.6199999e-01
  -2.5500000e-01
  -2.6300001e-01
  -2.0600000e-01
  -1.9300000e-01
  -2.2499999e-01
  -2.7200001e-01
  -2.6800001e-01
  -2.3800001e-01
  -2.2300000e-01
  -1.1600000e-01
  -4.8999999e-02
   6.3000001e-02
  -1.0000000e-03
  -7.9999998e-02
  -1.4000000e-02
   1.5000000e-02
  -1.4100000e-01
  -1.0400000e-01
   2.0000001e-03
   0.0000000e+00
  -1.0500000e-01
  -1.4200000e-01
  -1.3000000e-01
  -1.7200001e-01
  -1.7600000e-01
  -1.8099999e-01
  -2.1100000e-01
  -2.0700000e-01
  -2.5600001e-01
  -2.5299999e-01
  -3.3700001e-01
  -4.0200001e-01
  -3.3000001e-01
  -2.7100000e-01
  -2.8500000e-01
  -5.2100003e-01
  -6.2800002e-01
  -5.9200001e-01
  -6.5200001e-01
  -7.6200002e-01
  -7.7999997e-01
  -6.8199998e-01
  -6.4300001e-01
  -6.9000000e-01
  -5.3700000e-01
  -4.9500000e-01
  -3.7700000e-01
  -2.5099999e-01
  -2.8799999e-01
  -3.5499999e-01
   1.0000000e-03
  -2.7000001e-02
  -1.4900000e-01
  -1.9200000e-01
  -2.3199999e-01
  -2.3500000e-01
  -2.3100001e-01
  -3.1099999e-01
  -4.5600000e-01
  -4.7099999e-01
  -4.6300000e-01
  -5.2999997e-01
  -6.0399997e-01
  -6.4200002e-01
  -5.5199999e-01
  -5.1599997e-01
  -3.2900000e-01
  -2.2600000e-01
  -9.8999999e-02
   2.6000001e-02
  -9.7999997e-02
  -1.5700001e-01
  -1.8000001e-01
  -2.3999999e-01
  -3.0700001e-01
  -1.8400000e-01
  -2.0400000e-01
  -4.7799999e-01
  -6.2500000e-01
  -6.0100001e-01
  -5.8300000e-01
  -6.3599998e-01
  -6.9700003e-01
  -6.3400000e-01
  -7.1899998e-01
  -6.8400002e-01
  -7.3100001e-01
  -5.3500003e-01
  -5.2100003e-01
  -4.7499999e-01
  -4.6000001e-01
   1.0000000e-03
  -4.8999999e-02
  -5.2999999e-02
  -9.3999997e-02
  -1.1300000e-01
  -1.2700000e-01
  -5.5000000e-02
  -3.2900000e-01
  -4.3300000e-01
  -5.1400000e-01
  -5.7099998e-01
  -5.7300001e-01
  -5.8700001e-01
  -5.6999999e-01
  -5.8200002e-01
  -5.9299999e-01
  -6.0200000e-01
  -5.0599998e-01
  -2.0000001e-03
  -3.7000000e-02
  -4.6999998e-02
  -1.4100000e-01
  -5.0999999e-02
  -5.5000000e-02
  -1.0000000e-03
  -1.7200001e-01
  -2.5000000e-01
  -1.4500000e-01
  -1.1400000e-01
  -3.5000000e-02
   6.0000001e-03
  -1.1200000e-01
  -1.6000001e-02
   5.9000000e-02
   8.6999997e-02
  -1.0500000e-01
  -2.1600001e-01
  -2.9499999e-01
  -3.7700000e-01
  -2.4000000e-02
  -2.5000000e-02
  -1.3200000e-01
  -1.6100000e-01
  -1.4500000e-01
  -2.2499999e-01
  -2.0600000e-01
  -2.7800000e-01
  -3.9700001e-01
   1.8999999e-02
  -3.7999999e-02
  -1.8600000e-01
  -2.6600000e-01
  -2.5299999e-01
  -3.3500001e-01
  -2.6100001e-01
  -2.9100001e-01
   3.0000001e-02
  -1.8999999e-02
  -1.6400000e-01
  -1.0700000e-01
  -3.0100000e-01
  -4.3000001e-01
  -1.1900000e-01
  -1.2700000e-01
  -1.3900000e-01
  -2.0400000e-01
  -3.0199999e-01
  -1.5400000e-01
  -1.6400000e-01
  -1.6300000e-01
  -2.1699999e-01
  -1.6400000e-01
  -1.6100000e-01
  -2.5600001e-01
  -1.6400000e-01
  -1.8200000e-01
  -2.7899998e-01
  -2.2600000e-01
  -2.1799999e-01
  -1.8099999e-01
  -1.7299999e-01
  -1.9299999e-01
  -1.8499999e-01
  -2.2000000e-01
  -1.7799999e-01
  -1.7299999e-01
  -2.3300000e-01
  -1.7399999e-01
  -6.3999996e-02
   2.0000003e-02
  -2.7999997e-02
  -2.9999997e-02
   5.0000027e-03
  -1.0999997e-02
  -4.9999997e-02
  -8.1000000e-02
  -7.9000004e-02
  -1.0000007e-03
   2.5999999e-02
   2.9999999e-02
   4.4999998e-02
   8.5000001e-02
  -4.2000003e-02
   8.9999977e-03
   8.9999977e-03
   2.7999997e-02
   5.4999996e-02
  -1.3800000e-01
  -7.2000004e-02
  -1.0900000e-01
  -7.8000002e-02
  -7.0000025e-03
   1.6999997e-02
   4.1999996e-02
   3.4999996e-02
  -1.9000003e-02
  -4.7000002e-02
  -3.8000003e-02
  -2.4800001e-01
  -5.5000007e-02
  -9.3000002e-02
  -9.8000005e-02
  -1.1300001e-01
  -2.0000005e-02
   5.9999995e-02
  -1.9000005e-02
   5.5999994e-02
   1.5500000e-01
  -3.0900002e-01
  -2.3100001e-01
  -3.9199999e-01
  -2.2200000e-01
  -1.9300000e-01
  -3.1500000e-01
  -2.3200001e-01
  -3.7099999e-01
  -2.6699999e-01
  -2.1800001e-01
  -8.0000006e-02
  -8.0000006e-02
   3.5999995e-02
   6.2999994e-02
   1.2999995e-02
   4.8999995e-02
   4.6999995e-02
   1.4800000e-01
   2.2999994e-02
  -4.6000004e-02
  -1.5300000e-01
  -1.2000000e-02
   9.8999999e-02
  -3.7000000e-02
   1.1000000e-02
  -5.7999998e-02
  -1.4200000e-01
  -1.5200000e-01
  -8.2999997e-02
  -2.1400000e-01
  -7.5000003e-02
  -1.2800001e-01
  -2.2300000e-01
  -1.3600001e-01
  -1.0100000e-01
  -1.7000000e-01
  -1.1300000e-01
  -2.5799999e-01
  -3.0300000e-01
  -1.6900000e-01
  -1.0700000e-01
  -4.9000002e-02
   1.2999999e-02
   1.2200000e-01
   2.3000000e-02
   2.5999999e-02
  -6.3000001e-02
  -4.6000000e-02
  -2.3000000e-01
  -1.4399999e-01
  -5.2999999e-02
  -5.7000000e-02
  -2.2000000e-02
  -3.3000000e-02
   1.9999994e-03
   2.0000000e-02
  -1.5099999e-01
  -2.4900000e-01
  -1.4199999e-01
   2.5000002e-02
  -1.0699999e-01
   6.0000033e-03
   6.1000004e-02
   1.2500000e-01
  -1.7300001e-01
  -4.8999999e-02
  -8.2000002e-02
  -3.4000002e-02
  -4.0000007e-03
   4.8999999e-02
   2.0000000e-02
   6.6000000e-02
   1.9700000e-01
   1.1400000e-01
   1.3699999e-01
  -1.4700000e-01
  -7.5999998e-02
  -2.0999996e-02
  -1.9999964e-03
   6.0000038e-03
   1.5000003e-02
   4.0000003e-02
  -3.5800001e-01
  -3.2699999e-01
  -3.8499999e-01
  -3.3600000e-01
  -3.0699998e-01
  -3.0599999e-01
  -2.8299999e-01
  -2.5400001e-01
  -1.9300000e-01
  -2.2000000e-01
  -2.1699999e-01
  -1.7899999e-01
  -2.5900000e-01
   1.5100001e-01
   1.5500000e-01
   1.7500000e-01
   1.5800001e-01
   1.6200000e-01
   1.5600000e-01
   9.4000004e-02
   5.1000003e-02
   1.3700001e-01
   1.2200000e-01
   7.0000000e-02
   2.3000004e-02
   3.0000061e-03
  -1.9999938e-03
   1.4000006e-02
  -2.3999995e-02
  -9.9999994e-02
  -1.1999994e-02
  -2.1999994e-02
  -6.7999996e-02
  -1.1999994e-02
   1.0000061e-03
   3.0000007e-02
   6.0000061e-03
  -2.7999993e-02
  -7.4000001e-02
  -4.3000001e-02
  -6.8999998e-02
  -9.4999999e-02
  -5.5000000e-02
  -1.2200000e-01
  -9.0000004e-02
  -8.5000001e-02
  -9.4999999e-02
  -1.3000000e-01
  -1.3800000e-01
  -1.2000000e-01
  -1.3300000e-01
  -1.7399999e-01
  -1.6800000e-01
  -2.0800000e-01
  -6.4999998e-02
  -1.4600000e-01
  -2.1900000e-01
  -2.2700000e-01
  -1.8700001e-01
  -1.7600000e-01
  -7.1999997e-02
  -1.5500000e-01
  -6.8999998e-02
  -8.8000000e-02
  -1.5000000e-02
  -1.6000001e-02
  -4.8000000e-02
  -1.5400000e-01
  -2.0000000e-02
  -6.0000001e-03
  -8.5000001e-02
  -5.5999998e-02
  -3.1099999e-01
  -2.9699999e-01
  -2.1000001e-01
  -2.3000000e-01
  -2.8200001e-01
  -2.5500000e-01
  -3.4500000e-01
  -3.8499999e-01
  -3.9199999e-01
  -4.2199999e-01
  -4.0000001e-01
  -4.7200000e-01
  -4.0900001e-01
  -3.8499999e-01
  -3.0800000e-01
  -2.4400000e-01
  -2.4100000e-01
  -2.0100001e-01
  -5.0000004e-02
  -7.5000003e-02
  -4.1000005e-02
   1.4999999e-02
  -5.7000000e-02
  -1.1800000e-01
  -1.6800000e-01
  -1.2600000e-01
  -1.2600000e-01
  -9.8000005e-02
  -1.7200001e-01
  -1.1700000e-01
  -8.3000004e-02
  -1.8900000e-01
  -2.0900001e-01
  -1.5200000e-01
  -2.1699999e-01
  -2.8400001e-01
  -2.0500000e-01
  -7.1999997e-02
  -1.0300000e-01
  -1.9000000e-01
   3.1999998e-02
  -1.2200000e-01
  -6.8999998e-02
  -1.0000000e-01
  -1.4100000e-01
   8.0000013e-03
  -7.8999996e-02
  -6.7999996e-02
   1.0000012e-03
  -1.0600000e-01
  -5.0999999e-02
  -5.9999999e-02
  -6.3999996e-02
  -3.8999997e-02
  -6.4999998e-02
  -6.9999988e-03
  -4.4999998e-02
  -8.6999997e-02
  -7.5999998e-02
  -5.0999999e-02
  -6.9999988e-03
  -5.2999999e-02
  -1.2400000e-01
  -1.8400000e-01
  -1.1200000e-01
  -1.2799999e-01
  -2.5999995e-02
  -8.3999999e-02
  -1.1399999e-01
  -7.4999996e-02
  -7.5999998e-02
  -1.0900000e-01
  -1.8799999e-01
  -2.0600000e-01
  -2.3500000e-01
  -1.4600000e-01
  -1.6499999e-01
  -1.8400000e-01
  -2.0400000e-01
  -1.4100000e-01
  -1.1000000e-01
  -1.5600000e-01
  -2.3800001e-01
  -2.4000001e-01
  -2.5900000e-01
  -3.0200002e-01
  -2.7400002e-01
  -3.1200001e-01
  -2.9900002e-01
  -2.6200002e-01
  -1.7200001e-01
  -1.7500001e-01
  -1.4400001e-01
  -9.7000010e-02
  -1.4500001e-01
  -9.2000015e-02
  -1.0400001e-01
  -1.0100001e-01
  -1.1100002e-01
  -1.6900001e-01
  -2.2200002e-01
  -2.6600000e-01
  -2.8600001e-01
  -2.2700000e-01
  -8.1000000e-02
  -6.1999999e-02
  -6.0999997e-02
  -6.4999998e-02
  -5.7999998e-02
  -1.4399999e-01
  -2.2399999e-01
  -2.7199998e-01
  -2.0600000e-01
  -1.2400000e-01
  -1.7399999e-01
  -2.2100000e-01
  -1.7700000e-01
  -2.2000000e-01
  -1.4300001e-01
  -1.4000000e-01
  -7.8000002e-02
  -5.2000001e-02
  -9.7999997e-02
  -9.3999997e-02
  -6.4000003e-02
  -2.7999999e-02
  -9.2000000e-02
  -1.8200000e-01
  -2.6899999e-01
  -2.1999998e-02
   5.4000001e-02
   8.0000006e-02
   7.6000005e-02
   2.7000003e-02
   2.7000003e-02
  -4.4999998e-02
  -9.2000000e-02
  -2.8999999e-02
  -2.2000000e-02
   9.0000004e-02
   1.0000000e-01
  -9.7999997e-02
  -1.0400000e-01
  -5.9999996e-03
  -1.2999999e-02
   9.2000000e-02
   5.0999999e-02
   6.7000002e-02
   1.6400000e-01
   1.1200000e-01
   7.0000000e-02
   4.1000001e-02
   5.0999999e-02
  -9.9999998e-03
   4.0000007e-03
  -1.2000000e-02
  -6.4000003e-02
   4.6999998e-02
   1.1100000e-01
   5.2000001e-02
   1.1000000e-01
   6.8999998e-02
  -1.8999999e-02
   3.3000000e-02
  -5.6000002e-02
  -5.6000002e-02
  -1.5500000e-01
  -6.1000001e-02
  -1.3200000e-01
  -3.3899999e-01
  -1.9500001e-01
  -2.3000000e-01
  -2.9800001e-01
  -3.4799999e-01
  -2.6300001e-01
  -1.6800000e-01
  -2.2800000e-01
  -2.7800000e-01
  -1.5100001e-01
   1.4999999e-02
  -7.4000001e-02
  -2.6000002e-02
  -1.2700000e-01
  -1.3699999e-01
  -2.3000002e-02
   5.2999999e-02
  -1.6400000e-01
  -1.6400000e-01
  -6.1999999e-02
  -3.9999993e-03
   2.2000000e-02
   2.1799999e-01
   5.6000002e-02
  -3.3000000e-02
  -1.3500001e-01
  -8.1000000e-02
  -2.4000002e-02
  -1.0200000e-01
  -7.2999999e-02
  -1.4700000e-01
   1.3999999e-02
   2.0999998e-02
  -2.5400001e-01
  -1.9900000e-01
  -1.7500000e-01
  -1.0200000e-01
  -1.7900001e-01
  -3.5999998e-02
  -1.4800000e-01
  -1.1500000e-01
  -8.5999995e-02
  -2.0299999e-01
  -1.9100000e-01
  -1.5400000e-01
  -1.6200000e-01
  -3.2900000e-01
  -5.3999998e-02
  -2.9999993e-03
  -1.1800000e-01
  -3.1999998e-02
  -2.2000000e-02
  -2.1000000e-02
  -6.1000001e-02
  -1.1900000e-01
  -4.8999995e-02
  -5.0999995e-02
  -1.4299999e-01
  -1.1799999e-01
  -8.9999996e-02
  -2.1100000e-01
  -1.4299999e-01
  -1.7999994e-02
  -8.8999994e-02
  -2.5999995e-02
  -8.4999993e-02
  -1.3500001e-01
  -1.6300000e-01
  -1.4900000e-01
  -2.3300000e-01
  -1.0900000e-01
  -9.8999999e-02
   4.1000001e-02
  -7.1999997e-02
  -9.3999997e-02
  -1.1300000e-01
  -1.5300000e-01
  -2.5099999e-01
  -2.5600001e-01
  -1.1900000e-01
  -1.6900000e-01
   3.0999999e-02
  -6.8999998e-02
  -5.0000008e-03
  -4.7000002e-02
  -1.7000000e-01
  -1.2600000e-01
  -2.0100001e-01
  -2.0299999e-01
  -2.5200000e-01
  -1.3200000e-01
  -1.3800000e-01
  -1.3500001e-01
  -8.9000002e-02
  -1.9000000e-01
  -1.3900000e-01
  -1.8600000e-01
  -7.5000003e-02
  -1.3100000e-01
  -1.5500000e-01
  -9.2000000e-02
  -1.9400001e-01
  -2.1300000e-01
  -1.4600000e-01
  -1.8000001e-02
  -1.4500000e-01
  -1.9400001e-01
  -2.0299999e-01
  -1.7800000e-01
  -3.8600001e-01
  -1.8700001e-01
  -2.3900001e-01
  -3.0300000e-01
  -1.7500000e-01
   2.1999998e-02
  -3.1000001e-02
  -9.7999997e-02
   4.4999998e-02
  -9.4999999e-02
   5.0999999e-02
   2.7999999e-02
  -1.7299999e-01
  -2.5700000e-01
  -1.8799999e-01
  -3.1000000e-01
  -2.7800000e-01
  -1.5600000e-01
  -1.9700000e-01
  -1.5899999e-01
  -3.0000001e-01
  -2.1500000e-01
  -1.8099999e-01
   7.0000016e-03
   9.6000001e-02
  -3.7999999e-02
   2.1000002e-02
  -8.9999996e-02
  -7.4000001e-02
  -1.8300000e-01
  -1.4999999e-01
  -1.5500000e-01
  -2.2900000e-01
  -2.6199999e-01
  -3.7700000e-01
  -3.2200000e-01
  -2.9499999e-01
  -2.8500000e-01
  -2.2200000e-01
  -1.3499999e-01
  -1.7000000e-01
  -1.9900000e-01
  -7.0000000e-02
   2.6226044e-09
   3.5999998e-02
   2.0000000e-02
   7.4000001e-02
   7.9999998e-02
   1.5000000e-02
   2.5000000e-02
  -5.7999998e-02
   2.8000001e-02
   8.1000000e-02
   2.4000000e-02
   9.0999998e-02
   1.0400000e-01
   1.7999999e-02
   5.0999999e-02
  -1.7299999e-01
   9.9999998e-03
   3.0000000e-03
  -3.7999999e-02
  -7.5000003e-02
   1.3800000e-01
   3.2600001e-01
   2.7500001e-01
   1.8400000e-01
   2.0299999e-01
   3.7999999e-02
   8.3999999e-02
   7.1999997e-02
  -1.7000000e-01
   1.7285346e-09
   6.4000003e-02
   1.2900001e-01
   1.1800000e-01
   1.0000000e-01
  -3.1999998e-02
  -1.2200000e-01
  -1.9999982e-03
  -3.8000000e-01
  -3.0100000e-01
  -2.8099999e-01
  -3.4900001e-01
  -1.9000000e-01
  -2.0299999e-01
  -2.9200000e-01
  -2.3500000e-01
  -3.1599998e-01
   1.2000000e-02
   2.7000001e-02
   6.0000001e-03
  -1.7000001e-02
  -9.4999999e-02
  -5.0000001e-02
  -1.6200000e-01
  -1.0800000e-01
  -1.8000001e-01
  -1.3900000e-01
  -1.6000001e-01
  -1.6000001e-01
  -1.3000001e-01
  -9.3000010e-02
  -2.3600000e-01
  -1.4800000e-01
  -1.6100001e-01
  -1.5900001e-01
  -1.3000001e-01
  -8.8000007e-02
  -1.8200001e-01
  -2.4100000e-01
  -3.1400001e-01
  -3.0700001e-01
  -3.1599998e-01
  -2.5400001e-01
  -1.5099999e-01
  -1.2199999e-01
  -1.2899999e-01
  -1.1300000e-01
  -1.4800000e-01
  -2.3600000e-01
  -1.3400000e-01
  -2.5400001e-01
  -1.9100000e-01
  -1.7399999e-01
  -1.3300000e-01
  -2.7800000e-01
  -1.4300001e-01
  -3.9000001e-02
  -1.3300000e-01
  -1.2500000e-01
  -1.2500000e-01
  -8.6999997e-02
  -1.4200000e-01
  -2.4500000e-01
  -1.0700001e-01
  -1.9200000e-01
  -2.2200000e-01
  -2.4700001e-01
  -1.1800001e-01
  -1.4200000e-01
  -1.6200000e-01
  -9.7000003e-02
  -1.3500001e-01
  -1.3400000e-01
  -1.9100000e-01
  -1.2300000e-01
  -7.8999996e-02
  -1.0700000e-01
  -7.5000003e-02
  -2.1000000e-02
  -4.1000001e-02
  -3.9000001e-02
   8.9000002e-02
   1.8300000e-01
   1.0000000e-01
  -2.1699999e-01
  -1.6900000e-01
  -4.6999998e-02
  -1.1900000e-01
  -8.9999996e-02
  -9.0999998e-02
  -1.2899999e-01
  -8.5000001e-02
   7.2000004e-02
   2.2400001e-01
   1.8400000e-01
   9.8999999e-02
   1.4300001e-01
  -1.0599999e-01
  -1.6499999e-01
  -1.7099999e-01
  -5.0999992e-02
  -7.8999989e-02
  -1.3199998e-01
  -7.1999989e-02
  -1.0799999e-01
  -5.7999991e-02
   1.5200001e-01
   3.6000010e-02
   8.8000007e-02
  -8.6999990e-02
  -1.2000003e-02
   5.9999968e-03
   3.6999997e-02
   5.2999996e-02
   6.3999996e-02
  -2.5000002e-02
   7.7000000e-02
   9.2999995e-02
   1.3800000e-01
   1.3900000e-01
   9.0999998e-02
   6.3999996e-02
   5.1999997e-02
  -1.7999997e-02
  -1.8999998e-02
  -1.8999998e-02
  -6.0999997e-02
  -7.1999997e-02
  -4.9999985e-03
  -6.0999997e-02
  -9.0999998e-02
  -1.2899999e-01
  -2.7999999e-02
  -6.6000000e-02
  -1.4800000e-01
  -1.1600000e-01
  -1.1499999e-01
  -1.7700000e-01
  -1.4600000e-01
  -1.6599999e-01
  -1.3800000e-01
  -1.5400000e-01
  -9.2999995e-02
  -1.9000000e-01
  -1.6400000e-01
  -1.4399999e-01
  -1.6499999e-01
  -1.3000000e-01
  -9.9999998e-03
  -1.2999999e-02
  -2.9999999e-02
   2.7000001e-02
  -7.1000002e-02
  -1.1000000e-02
  -4.1000001e-02
  -3.7999999e-02
  -3.5999998e-02
  -1.1000000e-02
  -2.4000000e-02
  -8.5000001e-02
  -9.2000000e-02
  -2.8999997e-02
  -6.6000000e-02
  -5.5000000e-02
  -2.0999998e-02
  -6.6000000e-02
  -3.3000000e-02
  -2.6999999e-02
  -9.2000000e-02
  -1.2700000e-01
  -1.0600001e-01
  -9.2000008e-02
  -1.9000005e-02
  -5.3000003e-02
  -1.6000004e-02
  -1.3000004e-02
  -5.6000005e-02
  -5.5000003e-02
  -3.0000005e-02
  -4.0000003e-02
  -2.2000004e-02
  -4.2000003e-02
  -8.9000002e-02
   3.9999983e-03
  -2.5000002e-02
  -1.1000002e-02
  -8.3000004e-02
  -2.1000002e-02
  -3.0000017e-03
  -1.3000001e-02
  -5.5000003e-02
  -3.8000003e-02
   3.5999998e-02
  -1.9200000e-01
  -1.1600000e-01
  -7.8999996e-02
  -5.0999999e-02
  -5.2999999e-02
  -6.4999998e-02
   2.0000001e-02
  -1.0600000e-01
  -4.6999998e-02
   5.8000002e-02
   4.9000002e-02
  -1.5899999e-01
  -7.0000000e-02
  -8.0000004e-03
   3.9999993e-03
  -5.0000008e-03
   1.9999994e-03
  -9.0000005e-03
   5.3999998e-02
   7.4000001e-02
   4.1000001e-02
   1.8999999e-02
  -1.1200000e-01
  -4.5000002e-02
  -2.4000000e-02
   1.4000000e-02
   1.2000000e-02
   2.6000001e-02
  -1.1000000e-02
   1.6000001e-02
   2.8000001e-02
  -6.0000001e-03
  -2.0900001e-01
  -1.3500001e-01
  -1.8300000e-01
  -1.2700000e-01
  -3.6000002e-02
  -1.0000000e-01
  -3.1000001e-02
  -1.0132790e-09
   1.3200000e-01
   1.8600000e-01
   7.8000002e-02
  -2.9600000e-01
  -2.2700000e-01
  -8.2999997e-02
  -6.8000004e-02
  -5.6000002e-02
  -6.4999998e-02
  -1.2000000e-02
   4.1000001e-02
   5.0000001e-02
   7.0000000e-02
  -2.1600001e-01
  -1.8400000e-01
  -1.7999999e-01
  -7.5999998e-02
  -3.5000000e-02
  -2.2000000e-02
  -3.9999993e-03
   3.9000001e-02
   6.0000010e-03
   2.9000001e-02
  -1.0400000e-01
  -1.3800000e-01
  -1.6200000e-01
  -1.2899999e-01
  -8.9999987e-03
  -3.7999999e-02
   2.9000001e-02
   3.8000003e-02
   1.6100000e-01
  -1.2300000e-01
  -1.1000000e-01
  -6.6000000e-02
   8.0000013e-03
   2.5000002e-02
  -9.9999865e-04
   1.0000000e-01
   1.4700000e-01
   1.8099999e-01
  -1.9400001e-01
  -1.5700001e-01
  -5.0999999e-02
  -3.1999998e-02
  -1.3999999e-02
  -3.3000000e-02
   3.6000002e-02
   2.6000002e-02
   1.0100000e-01
  -5.5000000e-02
  -8.8000000e-02
  -2.9999999e-02
  -7.9999994e-03
  -1.9999996e-03
   1.1000000e-01
   1.2400000e-01
   1.0700000e-01
   5.9000000e-02
  -1.1100000e-01
  -9.0999998e-02
  -3.9999999e-02
  -5.8000002e-02
   4.4000000e-02
   7.9999998e-02
   1.3000000e-01
   4.6999998e-02
   6.7999996e-02
  -1.3900000e-01
  -8.2000002e-02
  -5.2000001e-02
   4.7999997e-02
   8.5999995e-02
   8.1000000e-02
   9.0999998e-02
   3.4999996e-02
  -1.2000000e-01
  -1.5999995e-02
   2.7000004e-02
   2.7000004e-02
  -7.7999994e-02
  -5.0999995e-02
  -1.9999996e-02
  -1.4999996e-02
  -2.0999996e-02
  -6.8000004e-02
  -1.3000001e-02
   2.2999998e-02
  -4.1999999e-02
  -8.6999997e-02
  -2.3000002e-02
  -3.4000002e-02
  -2.0900001e-01
  -1.3300000e-01
  -9.9000007e-02
  -1.7400001e-01
  -1.6200000e-01
  -8.7000005e-02
  -1.5800001e-01
  -1.5800001e-01
  -2.0600000e-01
  -2.4800000e-01
  -2.8400001e-01
  -3.1999999e-01
  -2.2600000e-01
  -1.7000000e-01
  -1.3500001e-01
  -3.3999994e-02
   1.7000007e-02
  -8.0999993e-02
  -1.2599999e-01
  -6.7999996e-02
  -1.2599999e-01
  -1.3200000e-01
  -1.4600000e-01
   7.2999999e-02
   6.8000004e-02
   1.1200000e-01
   1.4200000e-01
   1.7400001e-01
   1.8200000e-01
   7.2000004e-02
  -1.3999998e-02
   5.5000003e-02
   4.2000003e-02
   8.0000022e-03
  -1.6599999e-01
  -7.4999996e-02
  -9.4999999e-02
  -1.6599999e-01
  -2.7999997e-02
  -9.6999995e-02
  -1.4200000e-01
  -2.1400000e-01
  -1.7200001e-01
  -1.5899999e-01
  -8.8000000e-02
  -7.1000002e-02
  -4.6000000e-02
  -5.0000004e-03
  -8.0000004e-03
  -1.4000000e-02
  -1.2800001e-01
   5.7000004e-02
   1.5400000e-01
   1.0100000e-01
   9.6000001e-02
   1.5700001e-01
   1.1000001e-01
   8.3000004e-02
   4.6000004e-02
  -2.0999996e-02
  -1.7600000e-01
  -9.3000002e-02
  -1.0500000e-01
  -5.8000002e-02
  -1.1400000e-01
  -8.1000000e-02
  -2.1000002e-02
  -2.5000002e-02
  -6.6000000e-02
  -2.0099999e-01
  -2.0000000e-01
  -1.3900000e-01
  -8.8000000e-02
  -1.9999998e-02
  -1.8999998e-02
  -3.2999996e-02
   8.7000005e-02
   1.2800001e-01
  -1.6200000e-01
  -1.3800000e-01
  -8.3000004e-02
   1.4999998e-02
  -2.5000002e-02
  -3.2000002e-02
  -3.6000002e-02
  -1.3200000e-01
  -1.0000000e-01
   1.1999999e-02
   5.7000000e-02
   8.8000000e-02
   4.8999999e-02
  -2.7000001e-02
   8.3999999e-02
   6.7999996e-02
  -8.2000002e-02
  -9.4999999e-02
  -1.1000000e-01
  -5.6000002e-02
  -3.7252904e-10
  -1.4100000e-01
  -3.7000000e-02
   2.3000000e-02
  -5.0999999e-02
  -8.2000002e-02
  -3.2000002e-02
   4.4999998e-02
   9.0999998e-02
   6.7000002e-02
  -2.6899999e-01
  -2.8099999e-01
  -2.5200000e-01
  -2.9100001e-01
  -2.8400001e-01
  -1.7500000e-01
  -1.2300000e-01
  -1.4700000e-01
  -1.1700000e-01
  -4.0000003e-02
  -4.0000003e-02
  -1.1900000e-01
  -1.2000001e-02
  -6.1000001e-02
  -5.8000002e-02
  -1.6900000e-01
  -1.4800000e-01
  -2.6400000e-01
  -1.3400000e-01
  -1.9800000e-01
  -1.6599999e-01
  -2.0999999e-01
  -1.4900000e-01
  -1.1800000e-01
  -2.1500000e-01
  -6.1000001e-02
  -5.9000000e-02
  -1.1900000e-01
  -6.3000001e-02
  -1.0400000e-01
  -7.9000004e-02
  -4.6999998e-02
  -9.7999997e-02
  -9.0000005e-03
  -2.3300000e-01
  -3.2900000e-01
  -1.7000000e-01
  -1.6200000e-01
  -3.1700000e-01
  -2.5000000e-01
  -1.0700000e-01
   9.8999999e-02
  -3.0999999e-02
  -1.8999999e-02
  -1.2800001e-01
  -2.6999999e-02
  -3.7999999e-02
  -9.0999998e-02
   4.4999998e-02
   6.4999998e-02
  -4.5000002e-02
   3.3000000e-02
   5.2000001e-02
   1.0999999e-02
   3.5000000e-02
  -7.4505807e-10
  -4.9000002e-02
  -1.2400000e-01
  -1.0000007e-03
  -6.8999998e-02
  -1.0900000e-01
   8.6000003e-02
  -1.1999999e-02
   1.3500001e-01
   5.8000002e-02
   3.4000002e-02
   9.4999999e-02
   1.2300000e-01
   1.3000000e-02
   4.7000002e-02
  -1.7399999e-01
  -2.0299999e-01
  -1.5200000e-01
  -1.8500000e-01
  -1.1400000e-01
  -2.9999999e-02
  -2.7999999e-02
  -4.1000001e-02
  -1.0000000e-01
  -7.7000000e-02
  -1.6999999e-02
  -3.5999998e-02
  -1.2500000e-01
  -1.5000001e-01
  -3.0000003e-02
   1.1999997e-02
  -7.8000002e-02
  -1.2200000e-01
  -1.4000003e-02
  -1.5700001e-01
  -2.2300000e-01
  -1.1300001e-01
  -1.1400000e-01
  -1.0900000e-01
  -7.4000001e-02
  -6.4000003e-02
  -2.4400000e-01
  -1.1700000e-01
  -6.5000005e-02
  -1.7100000e-01
  -1.9200000e-01
   7.2999999e-02
  -3.7000000e-02
  -1.4901161e-09
  -2.9000001e-02
  -5.2000001e-02
   9.9999988e-03
  -4.4000000e-02
  -3.6000002e-02
  -1.8400000e-01
  -1.4600000e-01
   4.1999999e-02
   7.4000001e-02
  -2.5600001e-01
  -1.6500001e-01
  -1.6200000e-01
  -1.0300000e-01
  -2.1000002e-02
  -1.7000000e-01
  -1.9700000e-01
  -1.3600001e-01
  -3.0399999e-01
  -1.2400000e-01
  -2.4400000e-01
  -1.6100000e-01
  -2.0400000e-01
  -2.8400001e-01
  -3.0800000e-01
  -2.0400000e-01
  -2.2300000e-01
  -2.3900001e-01
  -3.1299999e-01
  -2.0999999e-01
  -2.4300000e-01
  -2.9699999e-01
  -1.3800000e-01
  -4.1000001e-02
  -5.0999999e-02
  -5.2999999e-02
  -9.4999999e-02
  -2.1000000e-02
  -5.9000000e-02
  -1.6200000e-01
  -1.0800000e-01
  -7.6999992e-02
  -7.7999994e-02
  -3.5999995e-02
   6.6000007e-02
  -1.2799999e-01
  -3.9999960e-03
  -1.9999996e-02
  -1.0100000e-01
  -1.4000000e-01
  -1.2500000e-01
   5.1999997e-02
   1.2500000e-01
   1.8400000e-01
   1.4800000e-01
   8.8000000e-02
   1.1500000e-01
   1.7200001e-01
   3.1999998e-02
  -5.1000003e-02
  -6.8999998e-02
  -1.8500000e-01
  -3.9999999e-02
  -8.6000003e-02
  -6.9999993e-03
  -7.9999994e-03
   3.7000000e-02
  -9.9999935e-04
   1.1500000e-01
   1.4500000e-01
  -1.1500000e-01
  -1.7399999e-01
  -1.0700000e-01
  -1.2600000e-01
  -9.6000001e-02
  -5.9000000e-02
  -1.4200000e-01
  -1.2800001e-01
  -5.7000000e-02
  -1.7300001e-01
  -1.3400000e-01
  -1.7800000e-01
  -1.2600000e-01
   9.4000004e-02
   7.4000001e-02
  -9.6999995e-02
   1.6000001e-02
   1.5000002e-02
  -8.1000000e-02
   1.1000002e-02
  -8.3999999e-02
  -3.1000001e-02
  -1.5000002e-02
  -4.1000001e-02
  -2.1000002e-02
  -6.2000003e-02
  -6.3000001e-02
   8.5999995e-02
  -5.7000004e-02
  -1.9400001e-01
  -2.1700001e-01
  -9.0000004e-02
  -1.2000000e-01
  -1.4800000e-01
  -1.0700000e-01
  -4.7000002e-02
  -2.5000002e-02
  -2.6499999e-01
  -2.4499999e-01
  -2.0600000e-01
  -1.9000000e-01
  -1.8099999e-01
  -5.1999997e-02
  -1.2500000e-01
  -1.4399999e-01
   1.1200000e-01
   5.0000001e-02
   1.6900000e-01
   1.1300000e-01
   5.2999999e-02
  -1.0000000e-01
  -1.2999998e-02
  -1.0400000e-01
   4.1000001e-02
  -9.3999997e-02
   1.2000000e-02
   6.8999998e-02
   1.1000001e-02
   3.4000002e-02
   3.4000002e-02
   1.4000000e-01
   1.7399999e-01
  -2.0000000e-02
  -2.3000000e-01
  -4.8000000e-02
  -6.1000001e-02
  -5.0000018e-03
  -5.9000000e-02
   1.1600000e-01
   1.0999998e-02
  -4.1000001e-02
  -7.5000003e-02
  -1.9300000e-01
  -3.6000002e-02
   2.5999999e-02
  -5.4000001e-02
  -1.0300000e-01
  -3.3000000e-02
  -8.1000000e-02
  -1.0200000e-01
   2.3000000e-02
  -9.6000001e-02
  -9.7000003e-02
  -1.0100000e-01
  -1.2600000e-01
  -1.0300000e-01
  -9.4999999e-02
  -3.0000003e-03
  -7.5999998e-02
  -4.5000002e-02
  -1.0400000e-01
  -1.4700000e-01
   1.6000001e-02
  -9.6000001e-02
  -1.5999999e-02
  -5.9999991e-03
  -2.0199999e-01
  -1.6300000e-01
  -1.3800000e-01
  -2.8000001e-02
   2.8999999e-02
   1.5600000e-01
   1.2100000e-01
   9.9999988e-03
   1.5300000e-01
   1.4000000e-01
   1.8999999e-02
   6.8999998e-02
  -1.4399999e-01
  -9.0000004e-02
  -5.7000000e-02
   1.3000000e-02
  -2.7000001e-02
   4.1000001e-02
   5.7000000e-02
   3.9000001e-02
  -2.8000001e-02
  -3.3700001e-01
  -1.2200000e-01
  -2.2900000e-01
  -2.1000002e-02
  -1.5500000e-01
  -1.1300000e-01
  -1.3699999e-01
  -2.0000017e-03
  -1.0700000e-01
  -1.6400000e-01
  -1.7299999e-01
  -1.0300000e-01
  -1.1700000e-01
  -7.2999999e-02
  -2.3800001e-01
  -1.8000001e-01
   1.6999999e-02
  -1.0800000e-01
  -8.6999997e-02
  -1.4700000e-01
  -9.9999998e-03
  -1.1400000e-01
   3.7000000e-02
   3.7000000e-02
   7.0000002e-03
  -9.0999998e-02
  -3.5000000e-02
  -1.6999999e-02
  -8.8000000e-02
  -6.6000000e-02
  -3.8999997e-02
  -1.7000000e-01
   1.2000002e-02
   1.5000002e-02
   8.0000013e-03
   4.1000001e-02
  -6.1999999e-02
  -1.6999999e-02
   2.4000002e-02
  -5.5000000e-02
  -2.1400000e-01
  -1.3900000e-01
  -9.6000001e-02
  -1.6800000e-01
  -1.4300001e-01
  -1.1400000e-01
  -3.5999998e-02
  -5.6000002e-02
  -6.1999999e-02
  -1.5000000e-02
  -1.4800000e-01
  -6.8000004e-02
  -7.4000001e-02
  -3.9000001e-02
  -1.0100000e-01
  -5.5000000e-02
  -7.0000000e-02
  -1.6400000e-01
  -1.8799999e-01
  -1.1700000e-01
   1.5000000e-02
   1.2000000e-02
  -1.3300000e-01
  -1.4399999e-01
  -2.3999998e-02
  -5.9999999e-02
   1.2300000e-01
  -1.5300000e-01
   6.2000003e-02
   5.8000002e-02
   1.3411046e-09
  -3.1999998e-02
  -4.0999997e-02
  -7.7000000e-02
  -1.0900000e-01
  -4.8999999e-02
   3.9000001e-02
  -1.5000000e-02
   5.4000001e-02
   6.8000004e-02
   1.2300000e-01
  -2.8999999e-02
   1.0700000e-01
  -1.9999996e-03
  -2.9299998e-01
  -1.9300000e-01
  -1.8500000e-01
  -4.0999997e-02
  -1.2899999e-01
  -1.2899999e-01
  -1.2400000e-01
  -1.8900000e-01
  -1.2700000e-01
  -8.5000001e-02
  -1.0700000e-01
  -1.1099999e-01
  -1.3499999e-01
  -9.4999991e-02
  -9.8999992e-02
  -8.5999995e-02
  -1.0699999e-01
  -1.2400000e-01
  -2.8999995e-02
  -5.9999945e-03
  -3.0999994e-02
  -2.8999999e-02
   3.6000002e-02
   1.2300000e-01
   6.4999998e-02
   3.0000001e-02
   6.3000001e-02
   9.8999999e-02
   4.0000002e-03
   1.0700000e-01
  -1.7999999e-02
  -1.5999999e-02
   3.7999999e-02
   4.3000001e-02
   7.0000002e-03
   9.8999999e-02
   3.3000000e-02
   1.5500000e-01
   1.9900000e-01
  -2.4500000e-01
  -2.6300001e-01
  -1.8500000e-01
  -1.6700000e-01
  -2.0800000e-01
  -1.6900000e-01
   1.5000000e-02
  -5.0999999e-02
  -5.2000001e-02
  -1.5200000e-01
  -2.3000000e-02
  -2.3000000e-02
  -5.4000001e-02
  -9.6000001e-02
  -1.0700000e-01
  -1.2900001e-01
  -1.4200000e-01
  -1.8000001e-01
  -2.1900000e-01
  -8.7000005e-02
  -8.7000005e-02
  -1.0800000e-01
  -6.8999998e-02
  -4.4000000e-02
  -6.2000003e-02
  -6.7000002e-02
  -1.0800000e-01
  -8.1000000e-02
  -1.2000000e-02
   6.4000003e-02
  -4.4999998e-02
  -1.6999999e-02
  -4.9999994e-03
   1.2700000e-01
  -1.4000000e-02
  -5.2000001e-02
   4.4000000e-02
  -1.4200000e-01
  -7.9000004e-02
   4.9999999e-03
  -4.4000000e-02
  -6.8999998e-02
  -5.9999999e-02
  -2.0000000e-02
  -2.0400000e-01
  -1.8500000e-01
  -8.1000000e-02
  -3.2000002e-02
  -1.2000001e-02
   3.7000000e-02
  -6.1000001e-02
  -2.4000000e-02
  -4.9000002e-02
  -1.5800001e-01
  -1.0800000e-01
  -2.6899999e-01
  -1.4000000e-01
  -5.7000004e-02
  -1.3900000e-01
  -9.9000007e-02
  -8.5000001e-02
  -6.4000003e-02
  -1.8900001e-01
  -1.3500001e-01
  -8.2999997e-02
  -2.9999984e-03
  -6.6000000e-02
  -1.8999998e-02
   2.0000017e-03
  -4.0999997e-02
  -3.5000000e-02
  -5.0999999e-02
  -1.4399999e-01
  -1.1900000e-01
  -5.1999997e-02
   2.1000002e-02
  -3.9999983e-03
  -1.1600000e-01
  -9.9999830e-04
  -5.5000000e-02
  -1.5600000e-01
  -8.1000000e-02
  -9.3999997e-02
   1.7999999e-02
  -1.2400000e-01
   3.9999999e-02
  -3.7000000e-02
   2.0600000e-01
   4.8000000e-02
   1.1000000e-02
  -3.4000002e-02
  -2.6000001e-02
  -5.4000001e-02
  -2.4800000e-01
  -1.0700000e-01
  -1.7700000e-01
  -8.6000003e-02
  -1.4800000e-01
  -9.4999999e-02
  -3.9000001e-02
  -1.3200000e-01
  -1.5500000e-01
  -6.7000002e-02
  -8.0000006e-02
   3.0999998e-02
   3.0999998e-02
  -1.1500000e-01
  -1.0500000e-01
  -7.8000002e-02
  -5.0000004e-02
  -2.0100001e-01
  -2.5000000e-02
  -7.4000001e-02
  -1.1900000e-01
  -7.2999999e-02
   5.2999999e-02
   2.8999999e-02
   5.9000000e-02
  -6.6000000e-02
  -1.6500001e-01
  -1.4800000e-01
  -9.7000003e-02
  -1.6200000e-01
  -9.0000015e-03
  -4.0000016e-03
   1.0999998e-02
  -1.5600000e-01
  -1.1600000e-01
  -9.3999997e-02
  -9.9999970e-03
  -6.3999996e-02
   6.4000003e-02
   4.5000002e-02
   5.4000001e-02
   9.7000003e-02
   6.0000033e-03
  -4.3999996e-02
  -1.1900000e-01
   3.6999997e-02
  -1.1000002e-02
  -4.2000003e-02
  -7.0000016e-03
   4.1999999e-02
  -3.3000004e-02
  -7.4000001e-02
  -6.5000005e-02
  -1.1700000e-01
  -1.4200000e-01
  -2.2300000e-01
  -1.5600000e-01
  -1.5999999e-02
  -1.4100000e-01
  -1.7399999e-01
  -1.9599999e-01
  -1.4900000e-01
  -2.9999999e-02
  -2.1000000e-02
   2.5999999e-02
   7.5000003e-02
  -4.8000000e-02
  -6.4999998e-02
  -2.0000000e-02
  -1.0200000e-01
  -1.8200000e-01
  -9.6000001e-02
   5.7999998e-02
  -8.1000000e-02
  -9.4999999e-02
  -7.8999996e-02
  -8.6999997e-02
  -3.3999998e-02
   2.4000002e-02
   4.0000003e-02
  -5.8999997e-02
   1.7000001e-02
   4.9000002e-02
  -7.4999996e-02
  -8.6999997e-02
  -9.6000001e-02
  -1.7399999e-01
  -1.1300000e-01
  -1.4399999e-01
  -2.0500000e-01
  -1.4600000e-01
  -7.0000000e-02
  -7.7000000e-02
  -4.6000000e-02
  -1.0700000e-01
   2.6000001e-02
  -1.8500000e-01
  -6.1000001e-02
   2.6000001e-02
  -7.9000004e-02
  -2.6000001e-02
  -9.6000001e-02
   8.9999996e-03
  -2.4000000e-02
   2.8000001e-02
  -3.2000002e-02
   2.3000000e-02
  -3.0999999e-02
  -2.2000000e-01
  -6.6000007e-02
   6.6000000e-02
   4.6999995e-02
  -6.9000006e-02
  -1.1800000e-01
  -1.4400001e-01
  -1.4300001e-01
  -4.1000005e-02
  -7.1000002e-02
  -8.8000007e-02
  -6.8000004e-02
  -1.5300000e-01
  -1.2800001e-01
  -2.9800001e-01
  -1.1000000e-01
  -8.2000002e-02
  -1.7700000e-01
  -1.0100000e-01
  -1.4600000e-01
  -7.1000002e-02
  -3.9999999e-02
  -1.7600000e-01
  -1.7000001e-02
  -2.5400001e-01
  -2.0100001e-01
  -1.4600000e-01
  -1.5799999e-01
  -1.4700000e-01
  -6.6000000e-02
  -1.8400000e-01
  -8.2999997e-02
  -9.7000003e-02
   3.1000001e-02
  -7.9999998e-02
  -2.6999999e-02
  -2.0800000e-01
  -1.7399999e-01
  -1.4300001e-01
  -1.4800000e-01
  -1.7000000e-01
  -1.2500000e-01
  -3.2000002e-02
  -4.6999998e-02
  -2.1100000e-01
  -1.8000001e-01
  -2.3899999e-01
  -9.8999999e-02
  -8.3999999e-02
  -3.9999999e-02
  -2.0800000e-01
  -1.5700001e-01
  -1.3000000e-01
  -2.0500000e-01
  -2.4100000e-01
  -9.7000003e-02
  -9.4000004e-02
  -1.7900001e-01
  -2.6899999e-01
  -5.5000000e-02
   3.0999999e-02
  -3.9000001e-02
  -1.6000000e-01
  -4.3000001e-02
  -4.8000000e-02
  -1.2000000e-01
  -2.0000008e-03
  -1.9000001e-02
  -8.1000000e-02
  -9.8999999e-02
  -1.1900000e-01
  -1.4000000e-01
  -1.0800000e-01
  -1.0200000e-01
  -4.1000001e-02
  -1.6700000e-01
  -9.4000004e-02
  -7.5000003e-02
   1.9999992e-03
  -1.5899999e-01
  -6.8999998e-02
  -2.5000000e-02
  -1.5899999e-01
  -1.2700000e-01
  -1.3500001e-01
  -4.6000000e-02
  -1.8000001e-02
  -4.1999999e-02
  -4.1999999e-02
  -1.4500000e-01
  -1.3500001e-01
  -1.0400000e-01
  -2.1100000e-01
  -1.7300001e-01
  -4.6000000e-02
  -1.5000001e-01
  -7.0000000e-02
   5.3999998e-02
  -3.8000003e-02
   8.8999994e-02
  -3.1000003e-02
  -7.1000002e-02
   9.9999961e-03
  -3.5762786e-09
  -4.5000002e-02
   1.0999996e-02
  -8.4000006e-02
  -5.6000002e-02
  -1.1400000e-01
  -5.8000002e-02
   5.5000000e-02
   7.0000000e-02
  -2.2000002e-02
   5.0000001e-02
   1.7200001e-01
  -8.9000002e-02
   5.3999998e-02
  -3.7000000e-02
  -4.4000000e-02
  -7.5999998e-02
   1.8000001e-02
   1.8000001e-02
  -4.6000000e-02
  -5.2000001e-02
  -4.1000001e-02
  -7.8000002e-02
  -2.3000000e-02
  -1.2600000e-01
  -5.0000001e-02
  -1.4000000e-01
   6.3000001e-02
   2.4999999e-02
  -2.9000001e-02
   8.9999987e-03
  -5.3000003e-02
   7.1999997e-02
   7.4999996e-02
  -1.2000002e-02
   3.7999999e-02
  -1.6700000e-01
  -2.0800000e-01
  -1.8600000e-01
  -8.6999997e-02
  -1.8799999e-01
  -5.3644178e-10
   2.7999999e-02
   3.5999998e-02
  -5.0999999e-02
  -1.4500000e-01
  -1.8400000e-01
  -1.7600000e-01
  -1.4600000e-01
  -5.5000000e-02
  -1.8500000e-01
  -9.4999999e-02
  -1.4000000e-01
  -1.8600000e-01
  -9.6000001e-02
  -1.2300000e-01
  -8.5000001e-02
  -1.1700000e-01
  -3.0999998e-02
  -1.5099999e-01
  -4.7999997e-02
  -8.9999977e-03
  -1.5999999e-02
  -2.9999997e-02
  -1.7299999e-01
  -1.4299999e-01
  -1.4000000e-01
  -1.1800000e-01
  -1.9400001e-01
  -1.3800000e-01
  -1.2800001e-01
  -1.7000000e-01
  -1.2300000e-01
   4.9999976e-03
  -4.0000003e-02
  -7.6000005e-02
  -5.0000022e-03
  -2.2400001e-01
  -2.1300000e-01
  -9.8999999e-02
  -1.4399999e-01
  -1.2300000e-01
  -1.0800000e-01
  -3.3000000e-02
  -1.0200000e-01
  -1.3699999e-01
  -1.0800000e-01
  -2.8799999e-01
  -9.1000006e-02
  -5.5000003e-02
  -1.1900000e-01
  -7.2000004e-02
  -2.3245812e-09
  -1.2200000e-01
   1.2200000e-01
   5.6999996e-02
  -1.5000002e-02
  -2.9000003e-02
  -1.1300000e-01
  -2.6300001e-01
  -1.5300000e-01
  -5.0999999e-02
  -1.3900000e-01
  -6.1000001e-02
  -1.1999999e-02
  -1.4000000e-01
  -7.9999998e-02
   2.1000002e-02
  -1.1800000e-01
  -6.3000001e-02
  -1.1300000e-01
  -3.4000002e-02
  -1.3400000e-01
   1.2999998e-02
  -7.4000001e-02
  -1.3000002e-02
   1.7800000e-01
  -1.3599999e-01
   3.7000000e-02
   2.5000000e-02
   1.0200000e-01
   1.1900000e-01
   1.5000001e-02
  -1.8999999e-02
  -8.2000002e-02
   2.5000000e-02
  -1.1000001e-02
  -3.2000002e-02
  -2.1000002e-02
  -2.9000001e-02
  -1.7500000e-01
  -3.8000003e-02
   6.4999998e-02
   2.6999999e-02
   7.5000003e-02
  -2.0900001e-01
  -1.7399999e-01
  -6.8999998e-02
  -5.2999999e-02
  -2.5000000e-02
   1.0400000e-01
   1.4000000e-02
  -3.9999999e-02
   7.4000001e-02
   7.1000002e-02
  -1.0600001e-01
  -1.7700000e-01
  -1.4600000e-01
  -7.0000030e-03
  -4.7000002e-02
  -8.6000003e-02
  -1.4600000e-01
  -1.7000000e-01
   6.6999994e-02
  -9.7000003e-02
   9.3999997e-02
  -2.7999999e-02
  -2.9999996e-03
  -2.6999999e-02
  -1.2000000e-01
  -5.9000000e-02
  -1.6999999e-02
  -6.1000001e-02
  -8.2000002e-02
  -8.5000001e-02
  -4.4000000e-02
  -1.5300000e-01
  -1.3800000e-01
  -8.5000001e-02
  -1.9000000e-01
  -1.1300000e-01
  -1.0500000e-01
  -1.9400001e-01
  -2.0299999e-01
  -1.1700000e-01
  -1.3300000e-01
  -7.7000000e-02
  -1.0800000e-01
  -1.0800000e-01
  -7.0000000e-02
  -1.5400000e-01
  -1.3200000e-01
   4.7000002e-02
  -2.9999993e-03
  -1.8600000e-01
  -7.2999999e-02
  -4.8999999e-02
  -1.7999999e-01
  -9.8999999e-02
   7.0000002e-03
  -9.0999998e-02
  -6.6000000e-02
   7.1999997e-02
  -7.8999996e-02
  -9.6000001e-02
  -5.7000004e-02
   4.8999995e-02
  -1.1100000e-01
  -2.1000003e-02
  -5.2000005e-02
  -4.5000006e-02
  -3.0000003e-02
  -6.4000003e-02
   3.8999997e-02
  -2.2900000e-01
  -9.5000006e-02
  -1.6100000e-01
  -7.6000005e-02
  -2.1000001e-01
  -2.3000004e-02
  -1.1600000e-01
  -3.6000002e-02
   1.9999996e-02
  -3.8000003e-02
   3.5999995e-02
  -1.6300000e-01
  -7.2000004e-02
  -4.5000006e-02
  -1.1400000e-01
  -1.5900001e-01
  -2.0500000e-01
  -3.5000004e-02
  -4.9000002e-02
  -9.5000006e-02
   1.0999996e-02
  -2.2700000e-01
  -3.5999998e-02
  -1.4700000e-01
  -6.1999999e-02
  -3.7999999e-02
  -6.3000001e-02
   7.7000000e-02
  -1.2200000e-01
  -1.1700000e-01
  -1.4100000e-01
  -7.1000002e-02
  -4.2999998e-02
  -9.3000002e-02
  -3.5999998e-02
  -6.1000001e-02
   5.0999999e-02
  -1.7999999e-02
   2.8000001e-02
   1.5000001e-02
  -1.2400000e-01
  -9.7000003e-02
  -1.0000000e-01
  -1.1800000e-01
  -2.3000000e-02
  -1.2000000e-02
  -5.6000002e-02
  -1.0500000e-01
   3.7999999e-02
   2.4000000e-02
   7.9999994e-03
   3.2000002e-02
   1.2000001e-02
  -7.0000000e-02
  -2.4999999e-02
  -1.3900000e-01
  -3.3000000e-02
  -1.6999999e-02
  -1.2500000e-01
  -2.5999999e-02
  -1.6800000e-01
  -5.8000002e-02
   7.9999967e-03
  -8.4000006e-02
   4.2999998e-02
  -2.9000003e-02
  -4.6000004e-02
  -8.0000041e-03
   7.2999999e-02
  -3.7000004e-02
   5.8999997e-02
   8.3999999e-02
   2.3000000e-02
   7.0000000e-02
   2.5000000e-02
  -4.4000000e-02
   2.3000000e-02
  -6.8999998e-02
   5.7000000e-02
   4.7000002e-02
   6.7000002e-02
   4.1999999e-02
  -5.9000000e-02
  -1.9700000e-01
  -1.3100000e-01
  -7.2999999e-02
   1.2000002e-02
  -1.9999998e-02
  -2.0999998e-02
  -2.3199999e-01
  -1.0700000e-01
  -1.0300000e-01
  -1.4200000e-01
  -9.6999995e-02
  -2.2400001e-01
  -1.4800000e-01
  -1.1400000e-01
  -2.0400000e-01
  -1.5600000e-01
  -2.4200000e-01
  -2.5500000e-01
  -1.7300001e-01
  -5.6000002e-02
  -8.6000003e-02
  -1.9200000e-01
  -2.1200000e-01
  -1.6400000e-01
  -9.3000002e-02
  -1.6000000e-01
  -2.9000003e-02
  -4.4000003e-02
   3.3999998e-02
  -5.4000001e-02
  -3.0000031e-03
   1.1999997e-02
   1.6999997e-02
  -1.7000003e-02
   7.5999998e-02
  -5.1000003e-02
  -9.8000005e-02
  -3.4000002e-02
  -8.2000002e-02
   7.7000000e-02
   1.3499999e-01
   7.9999967e-03
  -8.2000010e-02
   3.5999995e-02
   6.8999991e-02
   3.7999995e-02
  -8.0000060e-03
   1.6999993e-02
   4.7999993e-02
   3.4999993e-02
   8.6999997e-02
   2.1999994e-02
  -1.5400000e-01
  -1.1000001e-02
  -3.4000002e-02
   7.5999998e-02
   2.8999999e-02
  -3.8000003e-02
   1.4700000e-01
   1.5899999e-01
   3.9999999e-02
  -4.5000002e-02
   4.1999999e-02
   2.9999993e-03
  -4.6000000e-02
  -1.1999999e-02
   6.3000001e-02
  -5.9000000e-02
   5.9000000e-02
   1.1600000e-01
   4.9000002e-02
  -7.9999985e-03
  -4.4000000e-02
  -6.1999999e-02
  -1.9999989e-03
  -1.3500001e-01
  -3.5000000e-02
   8.2000002e-02
  -2.0000001e-03
   4.8999999e-02
   9.7000003e-02
   4.1000001e-02
   1.7999999e-02
   1.0400000e-01
  -1.2000000e-02
   2.6000001e-02
   2.5000000e-02
  -3.1999998e-02
  -1.5999999e-02
   1.3000000e-02
   4.0000007e-03
   3.6000002e-02
  -7.7000000e-02
  -2.8999999e-02
   4.1000001e-02
   6.1000001e-02
   5.6000002e-02
  -2.7599999e-01
   1.0999999e-02
   4.6999998e-02
  -1.1000000e-01
  -1.4000001e-02
  -7.8000002e-02
  -1.0100000e-01
  -9.7999997e-02
  -2.5000000e-02
  -1.4000001e-02
  -1.0300000e-01
  -1.5099999e-01
  -9.3000002e-02
  -1.1200000e-01
  -8.9999996e-02
  -6.9999988e-03
  -1.3999999e-02
  -4.0999997e-02
  -5.0999999e-02
  -1.6999999e-02
   4.7000002e-02
  -1.3000000e-01
  -6.4999998e-02
  -1.2900001e-01
  -2.9000001e-02
  -9.4000004e-02
  -3.9999999e-02
   3.0999999e-02
  -1.6300000e-01
  -1.0000006e-03
  -1.1000000e-01
   2.5999999e-02
   7.9999998e-02
   1.4999999e-02
  -6.2000003e-02
   4.9999990e-03
  -5.0000013e-03
  -5.2999999e-02
  -1.1324882e-09
  -2.2000002e-02
  -9.3000002e-02
  -9.4000004e-02
  -7.9999998e-02
  -1.3200000e-01
  -5.4000001e-02
  -3.5000000e-02
  -9.3000002e-02
  -1.0000000e-01
  -2.8000001e-02
  -2.1000000e-02
   8.9999996e-02
   2.1000000e-02
  -1.0800000e-01
  -1.2000001e-02
   1.5500000e-01
  -4.1000001e-02
   1.5000000e-02
   1.9999992e-03
   3.7000000e-02
  -6.0000005e-03
  -1.4399999e-01
   2.9999999e-02
   1.7999999e-02
   4.4999998e-02
   3.7000000e-02
   1.0600000e-01
   1.9000001e-02
  -1.1999999e-02
   3.2000002e-02
   6.7000002e-02
   4.0000002e-03
   1.6000000e-01
   4.0000002e-03
