  -2.2900000e-01
   2.2999994e-02
  -2.1000005e-02
   4.0999994e-02
   6.6999994e-02
   9.0999991e-02
   1.7999994e-02
  -1.0000006e-02
  -1.8600000e-01
   1.2300000e-01
  -1.1200000e-01
  -4.7200000e-01
   2.9400000e-01
   1.9300000e-01
   1.7999999e-02
   4.4999998e-02
  -6.8000004e-02
  -2.6400000e-01
  -1.2500000e-01
  -9.0000005e-03
  -9.6000001e-02
   6.8999998e-02
   4.6999998e-02
  -1.6100000e-01
   2.3999995e-02
   8.9999940e-03
   1.9999938e-03
  -4.2300001e-01
  -1.0900000e-01
   1.8300000e-01
   3.3699998e-01
   1.6000000e-01
  -1.2099999e-01
  -3.2999996e-02
   4.3000005e-02
   5.6000005e-02
   1.0400000e-01
   1.9400001e-01
  -6.2999994e-02
  -2.3400000e-01
  -1.0699999e-01
   1.4300002e-01
   2.5200000e-01
   5.8000013e-02
   7.2000012e-02
  -3.9999853e-03
   1.1000001e-01
  -2.1599999e-01
  -1.3500001e-01
  -2.4699999e-01
   2.0000013e-03
   1.7000000e-01
  -3.3999998e-02
   2.7000001e-02
   9.4000004e-02
  -9.0999998e-02
  -3.7700000e-01
  -2.1600002e-01
  -1.9800001e-01
   2.0999998e-01
   1.4599998e-01
   2.3499998e-01
  -3.8000014e-02
  -1.3700001e-01
  -1.3000001e-01
  -4.4000015e-02
  -1.2500001e-01
   2.0699999e-01
   2.3499998e-01
   2.3699999e-01
   2.9999851e-03
  -2.5900000e-01
   2.9000003e-02
  -1.1099999e-01
  -4.3900001e-01
  -2.7800000e-01
  -1.7600000e-01
  -2.8900000e-01
  -2.2100000e-01
  -9.4999999e-02
  -6.9000006e-02
  -2.5500000e-01
  -2.5000004e-02
  -2.0100001e-01
   2.6199999e-01
  -6.6000007e-02
   3.1599998e-01
   1.4500000e-01
  -1.7400001e-01
  -3.7300000e-01
  -3.1100002e-01
  -1.1100000e-01
  -1.2900001e-01
  -6.8000004e-02
  -1.0600001e-01
   3.8999997e-02
  -5.1300001e-01
  -3.7300000e-01
  -1.1499999e-01
  -6.3999996e-02
  -1.2099999e-01
  -1.5599999e-01
  -2.6600000e-01
  -2.7899998e-01
  -2.0700000e-01
  -1.6200000e-01
  -2.7900001e-01
  -4.6399999e-01
   7.0000002e-03
   3.3700001e-01
  -1.1200000e-01
  -3.5099998e-01
  -3.4500000e-01
  -4.1999992e-02
  -1.4299999e-01
  -3.3999994e-02
  -2.9999933e-03
  -3.1799999e-01
  -2.3799999e-01
  -1.8400000e-01
   1.2800001e-01
   1.1700001e-01
  -1.3499999e-01
   4.2000007e-02
   1.7400001e-01
  -2.3400000e-01
  -2.8099999e-01
  -1.8900000e-01
   1.8200001e-01
  -2.2799999e-01
   1.3400000e-01
   2.4300002e-01
   4.8000012e-02
   8.6000010e-02
  -1.1699999e-01
  -3.0599999e-01
  -2.8599998e-01
   9.6000008e-02
  -5.3000003e-02
  -2.5600001e-01
  -4.3000001e-01
   1.3000000e-01
  -1.4400001e-01
  -3.5000004e-02
   3.9999969e-03
  -1.8700001e-01
  -1.5300000e-01
  -1.2500001e-01
  -1.9000001e-01
   5.5999979e-02
   5.1999979e-02
  -1.5900002e-01
  -2.5600001e-01
  -1.5300003e-01
  -4.5800003e-01
  -2.3000019e-02
  -1.6700000e-01
  -6.7299998e-01
  -4.8799998e-01
  -3.7300000e-01
  -2.7399999e-01
  -1.3699999e-01
  -7.6999992e-02
  -3.2400000e-01
  -1.1799999e-01
  -4.6899995e-01
  -3.9499995e-01
  -4.5999959e-02
  -2.7699995e-01
  -4.0899995e-01
  -3.2899997e-01
  -1.4999996e-01
  -4.3599996e-01
  -8.9999596e-03
  -2.7099997e-01
  -4.0799999e-01
  -3.7600002e-01
  -3.6900002e-01
  -7.5200003e-01
  -3.2900000e-01
  -4.0900001e-01
  -3.4999999e-01
  -3.0100000e-01
  -6.7900002e-01
  -1.4000000e-01
  -4.4900006e-01
  -2.7700007e-01
  -2.9600006e-01
  -1.8600006e-01
  -3.2900006e-01
  -2.5300005e-01
  -2.1300006e-01
  -2.0800006e-01
  -2.5600007e-01
  -2.4200006e-01
   9.9998189e-04
   2.4299999e-01
   1.3699998e-01
  -4.3800002e-01
   2.0999981e-02
  -2.1800002e-01
  -1.2500001e-01
  -1.4000002e-01
  -1.6300002e-01
  -2.9000002e-01
  -2.7199996e-01
  -6.2099993e-01
  -1.0099995e-01
  -2.4799995e-01
  -3.3399996e-01
  -1.3199995e-01
  -2.5199994e-01
  -2.2899996e-01
  -3.8599995e-01
  -2.9999995e-01
  -2.3000006e-02
  -6.0000047e-03
  -3.4700000e-01
  -2.2400001e-01
  -1.5600000e-01
  -3.6300001e-01
  -2.1500000e-01
  -2.2000000e-01
  -5.9600002e-01
  -5.5000001e-01
  -3.5499999e-01
  -2.7700001e-01
  -6.5999992e-02
  -8.5799998e-01
  -6.5700001e-01
  -1.7899999e-01
  -5.9799999e-01
  -6.7299998e-01
  -2.8799999e-01
  -3.5699999e-01
  -4.9599996e-01
  -3.2099998e-01
  -1.1099997e-01
  -4.3799996e-01
  -1.3099997e-01
  -1.5699998e-01
  -4.2899996e-01
  -5.9799999e-01
  -2.8599998e-01
  -3.5099998e-01
  -9.4000027e-02
  -2.8400004e-01
  -6.5000027e-02
  -3.3800003e-01
  -2.3300003e-01
  -6.9000028e-02
  -4.0400001e-01
   5.4999974e-02
  -2.1600002e-01
   1.2899998e-01
  -5.5500001e-01
  -5.1899999e-01
  -3.5300002e-01
  -2.8100002e-01
  -4.5700002e-01
  -2.4300000e-01
  -1.3200000e-01
  -2.0400001e-01
  -1.3200000e-01
  -3.7700000e-01
  -4.5100006e-01
  -1.9700006e-01
  -1.7000005e-01
  -3.0400005e-01
  -5.8100003e-01
  -1.3400005e-01
  -2.7400005e-01
  -5.5400008e-01
  -3.9200005e-01
  -2.1100006e-01
  -3.7500006e-01
  -3.1600004e-01
  -3.7500006e-01
  -3.7300006e-01
   1.3999950e-02
  -4.0500006e-01
  -2.9500005e-01
  -6.2000051e-02
  -4.0300003e-01
  -1.3000004e-01
  -4.4100004e-01
  -5.4900002e-01
  -6.2900001e-01
  -3.3200005e-01
  -4.0600005e-01
  -4.6800002e-01
  -4.7500002e-01
  -2.5599998e-01
  -3.8799998e-01
  -5.0800002e-01
  -5.4600000e-01
  -1.4999999e-01
  -3.8699999e-01
  -3.8900000e-01
  -3.4099999e-01
  -2.5999999e-01
  -3.7199998e-01
  -4.5400006e-01
   1.1199995e-01
  -9.6000053e-02
  -3.0300006e-01
  -6.9700003e-01
  -3.0500004e-01
  -3.1800005e-01
  -6.8000048e-02
  -2.0000052e-02
  -2.7100006e-01
  -1.3500008e-01
  -4.0000007e-01
  -1.1700007e-01
  -2.7000007e-01
  -2.8300008e-01
  -2.3400007e-01
  -2.1400008e-01
  -2.9900008e-01
  -1.7900008e-01
  -2.6900008e-01
  -3.3299994e-01
  -2.8099996e-01
  -2.5299996e-01
  -2.7799994e-01
  -3.6599994e-01
  -3.5799995e-01
  -3.9299995e-01
  -2.8599995e-01
  -1.3399994e-01
  -7.9999464e-03
  -1.7199995e-01
  -2.6499996e-01
  -4.5299995e-01
  -1.9999994e-01
   1.2000053e-02
  -4.4799995e-01
  -5.1999992e-01
  -3.1599995e-01
  -2.0799994e-01
  -2.2599995e-01
  -2.4799995e-01
  -1.9599994e-01
  -5.6599993e-01
  -6.7299992e-01
  -1.9799994e-01
  -2.1699995e-01
  -2.3099995e-01
  -3.2399994e-01
  -3.5699993e-01
  -1.2199994e-01
  -3.1799993e-01
  -2.6999995e-01
  -3.2099998e-01
  -2.6099998e-01
  -4.5499995e-01
  -7.4499995e-01
  -3.7399995e-01
  -5.5999994e-01
  -5.6599998e-01
  -3.6999997e-01
  -2.1499996e-01
  -8.2699996e-01
  -5.3699994e-01
  -2.7200004e-01
  -3.8700005e-01
  -3.5900006e-01
  -6.7800003e-01
  -2.6400006e-01
  -4.8800007e-01
  -3.9800006e-01
  -4.0100005e-01
  -3.7900007e-01
  -1.1800005e-01
  -1.4400005e-01
  -3.1099996e-01
  -3.9699996e-01
  -5.2999966e-02
  -4.7999967e-02
  -6.8999968e-02
  -1.7999996e-01
  -3.3699995e-01
  -3.2099998e-01
  -4.1699997e-01
   9.9000029e-02
  -1.9799997e-01
  -7.3999971e-02
  -2.4000001e-01
  -4.1400000e-01
  -1.0300001e-01
  -3.5900000e-01
  -5.7400000e-01
  -1.7100000e-01
  -5.1499999e-01
  -2.2800002e-01
  -3.7000000e-01
  -3.0600002e-01
  -2.6500002e-01
  -3.1200001e-01
  -1.6700003e-01
  -4.2800003e-01
  -1.0500003e-01
  -1.1200003e-01
  -5.9600002e-01
  -3.3200002e-01
  -6.2000025e-02
  -4.5000002e-01
  -7.4800003e-01
  -3.8000003e-01
  -4.2600003e-01
  -5.8000024e-02
  -4.3000024e-02
  -1.5499996e-01
  -5.8599997e-01
  -5.3099996e-01
  -2.3199996e-01
  -3.9299995e-01
  -6.3299996e-01
  -5.9999996e-01
  -3.6499995e-01
  -2.5999996e-01
  -5.6799996e-01
  -6.2399995e-01
  -2.6299995e-01
  -4.9399996e-01
  -3.2300004e-01
  -4.0800002e-01
  -2.7200004e-01
  -4.2500004e-01
  -4.8100004e-01
  -1.9300003e-01
  -4.1000003e-01
  -4.0800002e-01
  -3.0300003e-01
  -4.7500002e-01
  -4.0800002e-01
  -3.0100003e-01
  -4.2600003e-01
  -3.4300002e-01
  -2.2400010e-01
  -4.8000090e-02
   1.9999105e-03
  -4.8700008e-01
  -4.0200010e-01
  -6.2800008e-01
  -3.8000008e-01
  -3.7900010e-01
  -1.3100009e-01
  -5.8000010e-01
  -5.1700008e-01
  -5.4300010e-01
  -3.9800009e-01
  -6.3400006e-01
  -5.4599994e-01
  -5.1499999e-01
  -4.1399997e-01
  -6.6099995e-01
  -4.8299995e-01
  -5.0899994e-01
  -3.7399995e-01
  -2.6999995e-01
  -4.9199995e-01
  -1.9999996e-01
  -4.5499995e-01
  -5.3199995e-01
  -3.2299995e-01
  -4.6099997e-01
  -3.6399996e-01
  -2.5399998e-01
  -5.5899996e-01
  -1.1199997e-01
   4.3000028e-02
  -2.8299996e-01
  -7.4999973e-02
   2.8300002e-01
  -5.2999970e-02
  -3.5499996e-01
  -3.1999972e-02
  -3.0999972e-02
  -1.9199997e-01
  -2.4199997e-01
  -5.7100010e-01
  -3.5100010e-01
  -1.1200009e-01
  -2.5700009e-01
  -4.9700010e-01
  -1.8500009e-01
  -6.1400008e-01
  -3.4600011e-01
  -4.4200009e-01
  -2.7600008e-01
  -3.1600010e-01
  -4.1700009e-01
  -3.3300009e-01
  -5.7200009e-01
  -5.2000094e-02
  -3.8199991e-01
  -3.7899989e-01
  -4.0199989e-01
  -3.1399989e-01
  -2.8199992e-01
  -3.7199989e-01
  -4.0099990e-01
  -1.7799990e-01
  -3.8799989e-01
  -3.7099990e-01
  -4.0399989e-01
  -1.5099990e-01
  -4.4199991e-01
  -2.9899991e-01
  -3.8799989e-01
  -4.5399991e-01
  -6.5399992e-01
  -1.5599991e-01
  -2.8399992e-01
  -2.7299991e-01
  -4.7199991e-01
  -5.4199994e-01
  -3.2399991e-01
  -7.4999906e-02
  -3.2699990e-01
  -3.5499990e-01
  -2.1599990e-01
  -1.2599991e-01
   1.4000092e-02
  -1.1500008e-01
  -9.0000086e-02
  -1.4900008e-01
  -7.0400012e-01
  -4.8800009e-01
  -2.1500009e-01
  -5.4300010e-01
  -1.5100008e-01
  -4.7100008e-01
  -1.5400009e-01
  -4.4400010e-01
  -2.5800008e-01
  -5.5300009e-01
  -2.8500009e-01
  -3.3299991e-01
  -7.0399988e-01
  -2.4499990e-01
  -4.5299989e-01
  -5.4999989e-01
  -3.3299991e-01
  -3.6199990e-01
  -3.6499989e-01
  -4.3699992e-01
  -3.0799991e-01
  -4.8099992e-01
  -1.3699991e-01
  -5.4399991e-01
  -1.9199990e-01
  -1.5299991e-01
  -6.9199997e-01
  -7.5199997e-01
  -1.3899997e-01
  -1.2699996e-01
  -1.7699996e-01
  -2.2299996e-01
  -3.5999965e-02
   5.0000362e-03
  -3.2599998e-01
  -8.3999962e-02
  -2.0999996e-01
  -2.7799997e-01
  -1.4299996e-01
  -1.4399996e-01
  -3.0399996e-01
  -7.0999943e-02
  -7.9999946e-02
  -1.5499994e-01
   2.3000056e-02
   4.0000551e-03
  -2.6999995e-01
  -6.4999945e-02
   1.1700006e-01
  -6.9999948e-02
  -2.6999995e-01
   1.8000055e-02
  -3.3499995e-01
  -4.6499994e-01
  -5.9999947e-02
  -2.9500005e-01
  -7.8700006e-01
  -2.1400003e-01
  -1.8100004e-01
   1.5699996e-01
  -2.8400004e-01
  -3.3700004e-01
  -3.3900005e-01
  -7.9000033e-02
  -1.5200004e-01
  -4.8300004e-01
   1.6099997e-01
  -4.2000005e-01
  -2.8800005e-01
  -1.6400003e-01
   2.2000048e-02
   4.0000048e-02
  -3.1999953e-02
  -4.0999997e-01
  -4.7999952e-02
  -6.2999949e-02
  -7.3999949e-02
  -1.8899995e-01
  -5.7999954e-02
   9.0000480e-03
  -9.4999954e-02
   2.4000047e-02
   4.7000006e-01
  -2.7799994e-01
   2.9999966e-02
  -2.5000034e-02
  -2.8600004e-01
  -3.9000034e-02
  -9.0000033e-02
  -2.5600004e-01
  -3.0400002e-01
   2.9999656e-03
   1.1899997e-01
   1.3999966e-02
   7.0999965e-02
  -1.8600003e-01
  -1.9600004e-01
  -2.1300003e-01
  -3.7300009e-01
  -6.1200011e-01
  -3.9600009e-01
  -2.6900008e-01
  -3.1800011e-01
  -6.3500011e-01
  -5.0000094e-02
  -3.0000010e-01
  -1.4400010e-01
   4.8999906e-02
  -4.8500010e-01
  -3.2600009e-01
  -4.0800008e-01
  -4.5199999e-01
  -4.9500000e-01
  -4.2899999e-01
  -3.3100000e-01
  -3.4299999e-01
  -2.4499999e-01
  -1.1399999e-01
  -4.9999993e-02
  -2.0699999e-01
  -3.1700000e-01
  -4.6100000e-01
  -2.8299999e-01
  -2.4200000e-01
   1.9000005e-02
  -3.0800012e-01
  -7.2500008e-01
  -1.6300011e-01
  -5.0200009e-01
  -3.3400011e-01
  -6.6500014e-01
  -4.0800011e-01
  -2.0600012e-01
  -7.1900010e-01
  -5.0100011e-01
  -9.6000113e-02
  -2.7500013e-01
  -1.3200012e-01
  -2.7300012e-01
  -5.1800013e-01
  -4.3400010e-01
  -3.8100010e-01
  -4.5100012e-01
  -4.0700012e-01
  -4.0300012e-01
  -1.9200011e-01
   5.3999886e-02
  -5.7700014e-01
  -2.3200011e-01
  -6.1500013e-01
  -1.7700011e-01
  -1.2500012e-01
  -3.4300011e-01
  -3.0399999e-01
  -5.5399996e-01
  -2.8099999e-01
  -2.9199997e-01
  -3.7199998e-01
  -4.2699999e-01
  -2.5499997e-01
  -4.7599998e-01
  -2.3899998e-01
  -2.7699998e-01
  -4.2899999e-01
  -6.2699997e-01
  -3.4499997e-01
  -4.8499998e-01
  -3.3299997e-01
  -1.6399990e-01
  -3.6999900e-02
  -2.9199991e-01
  -3.5399991e-01
  -3.0899990e-01
  -4.5399991e-01
  -2.9299989e-01
  -3.5699990e-01
  -7.7499992e-01
  -6.2399989e-01
  -1.3999990e-01
  -4.9799991e-01
  -6.5399992e-01
  -5.4699987e-01
  -2.8399989e-01
  -2.6199991e-01
  -3.8900003e-01
  -3.8200003e-01
  -2.3800002e-01
  -1.9900003e-01
  -2.2200002e-01
  -5.9400004e-01
  -1.8500003e-01
   1.6899997e-01
  -1.9000003e-01
  -4.7400004e-01
  -3.8500002e-01
  -5.2000023e-02
   3.0999975e-02
  -1.7400002e-01
  -3.4000003e-01
  -2.4800003e-01
  -5.7700002e-01
  -1.4300002e-01
  -6.7000024e-02
  -4.2300004e-01
  -2.6000002e-01
  -3.6700001e-01
   1.5399997e-01
  -4.1000023e-02
  -7.1000025e-02
  -7.0500004e-01
  -4.2300004e-01
  -3.4000003e-01
  -4.0800002e-01
  -2.7100003e-01
  -3.2700002e-01
  -2.8500003e-01
  -1.9300002e-01
  -6.3700014e-01
  -4.7100011e-01
  -2.8200012e-01
  -5.9300011e-01
  -3.5800013e-01
  -4.0200013e-01
  -5.0000120e-02
  -4.9500012e-01
  -5.5700010e-01
  -3.7100011e-01
  -4.8700011e-01
  -3.6700013e-01
  -1.9200012e-01
  -4.8000011e-01
  -4.2700011e-01
  -4.9000013e-01
  -2.6000118e-02
  -2.3999999e-01
  -3.5999998e-01
  -4.2899999e-01
  -4.2800000e-01
  -1.8699999e-01
  -1.9099998e-01
  -3.3899999e-01
  -1.4799999e-01
  -2.8399992e-01
  -3.2799992e-01
  -4.9699992e-01
  -4.3099990e-01
  -4.0299991e-01
  -2.6999992e-01
  -1.8399991e-01
  -2.6699990e-01
  -3.9800000e-01
  -3.2800001e-01
  -2.4500000e-01
  -2.4600001e-01
  -2.7599999e-01
  -3.1600001e-01
  -3.7300000e-01
  -1.9700001e-01
  -3.2300001e-01
  -2.8000003e-01
  -2.3500001e-01
  -2.4900001e-01
  -2.1400002e-01
  -2.1400002e-01
  -3.7100002e-01
  -2.4100001e-01
  -3.1900001e-01
  -1.6800001e-01
  -1.3500002e-01
  -8.2000017e-02
  -2.0000002e-01
  -4.5999952e-02
  -1.4899996e-01
  -1.8999995e-01
  -5.3399998e-01
  -5.1599997e-01
   3.5000049e-02
   9.5000051e-02
   2.0600004e-01
  -5.4399997e-01
  -4.8199996e-01
  -4.4999996e-01
  -3.4399995e-01
  -3.8899994e-01
  -2.6799995e-01
  -4.2799994e-01
  -5.3499997e-01
  -4.1500002e-01
  -1.8500003e-01
  -3.3000033e-02
  -3.4700003e-01
  -2.7300003e-01
   1.8199997e-01
  -1.1100003e-01
  -1.0800003e-01
  -3.0700004e-01
  -1.4700003e-01
  -2.2900003e-01
  -2.5600004e-01
  -4.1900003e-01
  -2.8000033e-02
  -1.3800003e-01
  -4.4700003e-01
  -2.9100004e-01
  -4.7699994e-01
  -4.0599993e-01
  -3.9499992e-01
  -4.1599992e-01
  -4.0899992e-01
  -2.5299993e-01
  -3.9399993e-01
  -3.3099997e-01
  -1.9299997e-01
  -5.0999969e-02
  -3.0099997e-01
  -2.0699997e-01
  -3.1199998e-01
  -1.3799997e-01
  -1.3699998e-01
  -2.8999999e-01
  -4.3199998e-01
  -2.0699999e-01
  -5.0800002e-01
  -2.1699999e-01
  -2.4999999e-01
  -2.2099999e-01
  -1.9599998e-01
  -3.5899997e-01
  -3.9099997e-01
   1.1000002e-01
   7.7000022e-02
  -1.2199998e-01
   6.6000022e-02
  -2.1099998e-01
  -2.0399998e-01
  -3.1499997e-01
  -5.0400001e-01
  -2.0699997e-01
  -1.1999998e-01
  -3.1599998e-01
  -5.1999998e-01
  -5.0899994e-01
  -1.5799996e-01
  -3.3199996e-01
  -1.9499996e-01
  -5.9999600e-03
  -2.3399995e-01
  -7.2099996e-01
  -5.2499998e-01
  -4.3699995e-01
  -2.2399996e-01
  -3.9599997e-01
  -2.1199995e-01
  -3.4399995e-01
  -3.9999995e-01
  -3.7000045e-02
  -2.4600004e-01
  -4.0100005e-01
  -2.0600004e-01
  -3.5100004e-01
  -3.1400004e-01
  -4.1000006e-01
  -3.6100003e-01
  -4.3300006e-01
  -5.8000004e-01
  -6.0300004e-01
  -4.7800004e-01
  -3.0500004e-01
  -3.3000004e-01
  -4.8500004e-01
  -5.8899999e-01
  -2.1999997e-01
  -2.9599997e-01
  -2.4099997e-01
  -1.2499997e-01
  -1.1499997e-01
  -6.3999973e-02
  -4.0699998e-01
  -6.4199996e-01
  -2.6499999e-01
  -2.2599997e-01
  -6.4599997e-01
  -2.2599997e-01
  -6.0599995e-01
  -9.9499995e-01
  -2.5700003e-01
  -3.7600002e-01
  -4.5700002e-01
  -3.0900002e-01
  -2.9000002e-01
  -5.7100004e-01
  -3.0300003e-01
  -4.9600002e-01
  -3.5900003e-01
  -3.0500004e-01
  -5.2100003e-01
  -4.8200002e-01
  -4.3800002e-01
  -2.6500002e-01
  -2.1000002e-01
  -2.9999998e-01
  -5.9299999e-01
  -6.3699996e-01
  -4.8599997e-01
  -3.3199996e-01
  -4.3499997e-01
  -5.2699995e-01
  -6.1399996e-01
  -5.8399999e-01
  -6.4699996e-01
  -4.6899998e-01
  -2.7399996e-01
  -2.9099998e-01
  -3.5099998e-01
  -4.2299998e-01
  -3.8100001e-01
  -2.9200003e-01
  -2.3900002e-01
  -1.0500002e-01
  -2.3200002e-01
  -2.2200002e-01
  -3.6700001e-01
  -2.9700002e-01
   7.1999982e-02
  -4.6000001e-01
  -1.3700002e-01
  -2.7400002e-01
  -2.7500001e-01
  -2.5200003e-01
  -8.6000018e-02
  -2.4199989e-01
  -6.0299993e-01
  -3.5199991e-01
   1.5100010e-01
  -2.2899990e-01
  -1.1499990e-01
  -1.8499990e-01
  -2.6199991e-01
  -3.1699991e-01
  -3.4399989e-01
  -2.9999989e-01
  -4.6299991e-01
  -1.2299990e-01
   8.4000103e-02
   4.0001012e-03
  -2.1799991e-01
  -1.0499988e-01
   1.2800011e-01
  -2.3099989e-01
   9.0001142e-03
  -8.1999883e-02
   6.8000115e-02
   2.1600011e-01
  -1.2099989e-01
  -1.0799988e-01
   1.4300011e-01
  -2.9099989e-01
  -2.4999885e-02
  -3.9999887e-02
  -1.7499989e-01
  -1.5999989e-01
  -6.1999887e-02
  -4.9599993e-01
  -3.9299992e-01
  -4.7899991e-01
  -7.4999921e-02
  -6.1999921e-02
  -5.0599992e-01
   8.5000083e-02
  -4.4299993e-01
  -4.7199991e-01
  -3.3499992e-01
  -4.0999991e-01
  -2.3899992e-01
  -3.4499991e-01
  -3.6399993e-01
  -3.5499993e-01
  -2.7299991e-01
  -2.1300000e-01
  -2.1000001e-01
  -2.9899999e-01
  -2.4000001e-01
  -2.9100001e-01
  -2.8100002e-01
  -1.8900001e-01
  -4.4900009e-01
  -5.9200013e-01
  -6.4000100e-02
  -7.5000100e-02
  -2.0500010e-01
  -3.0700010e-01
  -1.6500010e-01
  -2.0800009e-01
  -4.2400008e-01
  -5.3600007e-01
  -3.9600009e-01
  -8.3300012e-01
  -5.8800012e-01
  -5.8600008e-01
  -5.2700007e-01
  -5.5900007e-01
   3.8599992e-01
   8.1999920e-02
  -2.0700008e-01
  -1.3900007e-01
  -2.1800008e-01
   2.5999920e-02
   1.2899992e-01
   4.5799991e-01
   1.9899993e-01
  -1.6900007e-01
  -1.0100008e-01
  -2.0000080e-02
  -6.9000080e-02
  -1.8300007e-01
  -1.0000008e-01
  -1.6200007e-01
  -4.1799989e-01
  -2.8599989e-01
  -3.0299988e-01
  -5.4699987e-01
  -5.8399987e-01
  -3.9999989e-01
  -6.2899989e-01
  -7.1099991e-01
  -3.7000038e-02
  -1.9500004e-01
  -3.7000038e-02
  -2.8000003e-01
  -1.7200004e-01
  -2.0000037e-02
   4.9999963e-02
   4.9999963e-02
  -1.2200004e-01
   4.1799995e-01
  -2.3500003e-01
   3.2999963e-02
  -3.2000035e-02
   1.6299996e-01
  -6.2000036e-02
  -4.3000035e-02
  -1.4300004e-01
  -5.0700003e-01
  -2.0799997e-01
  -2.4699998e-01
  -2.3799998e-01
  -2.5699997e-01
  -1.4699997e-01
  -2.1799998e-01
  -2.2099997e-01
  -2.9999027e-03
  -5.1999904e-02
   5.7000097e-02
   6.5000094e-02
   7.4000098e-02
  -4.6999902e-02
  -9.3999900e-02
   1.7000098e-02
   1.8200010e-01
  -1.1999902e-02
  -1.0399991e-01
  -2.1299991e-01
  -4.4999901e-02
   4.2000096e-02
  -1.3099991e-01
  -1.0199990e-01
  -4.8999902e-02
  -2.4899991e-01
  -1.4599991e-01
   2.5500008e-01
   5.3700012e-01
   2.1700010e-01
  -1.4299990e-01
   1.1900010e-01
  -6.6999905e-02
   3.2300010e-01
   1.8900010e-01
  -4.1899994e-01
  -4.9099994e-01
  -5.2799994e-01
  -6.2299997e-01
  -5.0699991e-01
  -3.5499993e-01
  -2.6699993e-01
  -2.6799995e-01
  -2.7699995e-01
  -3.7799987e-01
  -4.3099988e-01
  -6.6599989e-01
  -3.5799989e-01
  -2.3099989e-01
  -2.9399988e-01
  -1.6499989e-01
  -1.6199988e-01
  -3.7499988e-01
  -3.0099988e-01
  -1.6399993e-01
  -1.4099993e-01
  -2.5499994e-01
  -6.7999929e-02
  -3.0599993e-01
  -2.5599992e-01
  -8.8999934e-02
  -7.9999315e-03
   9.3000069e-02
  -1.2299993e-01
  -3.3999931e-02
  -3.8900000e-01
  -1.2500001e-01
  -3.3300000e-01
  -2.8200001e-01
  -2.6500002e-01
  -3.2500002e-01
  -3.0700001e-01
  -1.5700001e-01
  -2.4000001e-01
  -1.4300001e-01
  -8.4000006e-02
  -4.1600001e-01
  -2.3400001e-01
  -4.5900002e-01
  -3.0900002e-01
  -5.2500004e-01
  -3.2100001e-01
  -4.3900001e-01
  -3.5300002e-01
  -5.2700001e-01
  -5.8399999e-01
  -2.8200001e-01
  -4.4000007e-02
  -1.6000001e-01
  -3.1199995e-01
  -3.6799994e-01
  -6.3199997e-01
  -5.9799993e-01
  -3.8499993e-01
  -4.5499995e-01
  -4.6599993e-01
  -5.8199996e-01
  -7.1999997e-01
  -5.2799994e-01
  -5.3399992e-01
  -4.5199993e-01
  -3.2399994e-01
  -2.7399993e-01
  -3.1399992e-01
  -3.8199994e-01
  -1.8499993e-01
  -4.7299993e-01
  -3.4699994e-01
  -5.2599990e-01
  -5.8799994e-01
  -5.2699995e-01
  -5.1299995e-01
  -7.1399993e-01
  -5.3799993e-01
  -5.7799995e-01
  -3.3799994e-01
  -4.0999991e-01
  -5.9599990e-01
  -5.0699991e-01
  -4.6799991e-01
  -5.0499988e-01
  -5.0999993e-01
  -6.1799991e-01
  -4.7599989e-01
  -3.5699990e-01
  -3.8999990e-01
  -5.6199992e-01
  -5.4099989e-01
  -4.4399992e-01
  -4.2199990e-01
  -2.9599988e-01
  -3.8399988e-01
  -1.6799989e-01
  -2.4599989e-01
  -2.2999988e-01
  -1.6799989e-01
  -2.7999891e-02
   4.9000110e-02
   7.3000111e-02
  -1.4299989e-01
   2.2000108e-02
  -9.1999888e-02
  -2.0599990e-01
   1.1700011e-01
  -4.7500008e-01
  -3.9700007e-01
  -3.8200009e-01
  -3.1600007e-01
  -3.4000009e-01
  -3.9100009e-01
  -4.9700007e-01
  -4.3700007e-01
  -4.2900008e-01
  -2.4600008e-01
  -3.8200009e-01
  -3.8000008e-01
  -4.0800008e-01
  -3.6699989e-01
  -3.4399989e-01
  -1.9399990e-01
  -5.7999898e-02
  -1.3899989e-01
  -1.3199989e-01
  -1.5799990e-01
  -3.0899990e-01
  -2.0599990e-01
  -2.3299989e-01
  -1.9999990e-01
  -1.8299989e-01
  -7.8999899e-02
   2.0000104e-02
  -6.5499997e-01
  -4.4999996e-01
  -4.9399996e-01
  -4.5299995e-01
  -3.1699997e-01
  -3.2499996e-01
  -1.8499996e-01
  -4.6299997e-01
  -2.4499996e-01
  -1.5999997e-01
   2.0600004e-01
   4.6000037e-02
   1.4100003e-01
   1.0700004e-01
   2.1800004e-01
  -6.1999989e-01
  -6.1999989e-01
  -5.0599986e-01
  -6.7399991e-01
  -6.7899990e-01
  -4.5199987e-01
  -3.7999988e-01
  -3.0699989e-01
  -2.2999988e-01
  -2.4199988e-01
  -2.0299989e-01
  -1.3899988e-01
  -9.9988363e-04
   2.8800011e-01
   2.6400012e-01
  -1.2999884e-02
  -4.5300001e-01
  -4.7500002e-01
  -3.1500000e-01
  -3.9200002e-01
  -3.9200002e-01
  -4.8700002e-01
  -3.9500001e-01
  -4.4600001e-01
  -4.8000002e-01
  -6.5200001e-01
  -6.9900000e-01
  -6.5300000e-01
  -7.5999999e-01
  -6.4700001e-01
  -3.8500002e-01
  -1.8300001e-01
  -4.7099996e-01
  -3.5099995e-01
  -5.4999995e-01
  -6.2699997e-01
  -7.1999997e-01
  -5.5499995e-01
  -5.9499997e-01
  -4.0799996e-01
  -5.8299994e-01
  -5.8999997e-01
  -5.2399999e-01
  -4.5099995e-01
  -4.8199996e-01
  -4.1799995e-01
  -2.4199995e-01
  -5.6100005e-01
  -7.3400009e-01
  -6.5800005e-01
  -5.1900005e-01
  -8.0800009e-01
  -6.1500007e-01
  -7.2200006e-01
  -5.8000004e-01
  -7.2300005e-01
  -6.2400007e-01
  -7.0700008e-01
  -4.9600005e-01
  -6.4300007e-01
  -6.1400008e-01
  -5.2000004e-01
  -4.4500005e-01
  -4.7199991e-01
  -6.0799992e-01
  -4.7599992e-01
  -4.0799993e-01
  -4.2999992e-01
  -5.5899996e-01
  -2.8399992e-01
  -1.6699992e-01
  -2.0399992e-01
  -3.6399993e-01
  -5.4199994e-01
  -6.1499995e-01
  -5.5399990e-01
  -1.0599992e-01
  -5.3900003e-01
  -3.5600001e-01
  -6.3000000e-01
  -6.6000003e-01
  -5.4600000e-01
  -6.3600004e-01
  -8.9700001e-01
  -7.7300000e-01
  -8.2800001e-01
  -8.0300003e-01
  -7.1100003e-01
  -2.4800001e-01
  -3.9600000e-01
  -2.8500000e-01
  -6.6699994e-01
  -6.9799989e-01
  -5.6199992e-01
  -5.7099992e-01
  -7.0099992e-01
  -6.8799990e-01
  -9.4299990e-01
  -6.4199990e-01
  -8.2999992e-01
  -7.3399991e-01
  -8.3699989e-01
  -4.9099991e-01
  -4.1499993e-01
  -3.3099991e-01
  -6.0300004e-01
  -6.4600009e-01
  -6.7200005e-01
  -7.6800007e-01
  -6.6900009e-01
  -5.7700008e-01
  -7.4500006e-01
  -7.1500009e-01
  -5.7000005e-01
  -5.0800008e-01
  -4.1400006e-01
  -4.3300006e-01
  -1.7800008e-01
  -1.1700007e-01
  -3.0200005e-01
  -4.6200004e-01
  -3.6300004e-01
  -2.9100004e-01
  -1.4600004e-01
  -1.1700004e-01
  -2.2100005e-01
  -1.4300004e-01
   1.5899996e-01
   2.0199996e-01
   2.0899996e-01
  -1.2000004e-01
  -1.0300004e-01
  -1.0800004e-01
   8.9999959e-02
  -4.0999988e-01
  -5.4199988e-01
  -2.9099989e-01
  -3.3799988e-01
  -6.0199988e-01
  -2.7699989e-01
  -1.6399989e-01
  -2.6299989e-01
  -3.0599990e-01
  -6.6999890e-02
   1.0000011e-01
   1.5800011e-01
   1.5500011e-01
   2.8400010e-01
  -6.2399995e-01
  -4.4299996e-01
  -4.0099996e-01
  -4.6099997e-01
  -4.7499996e-01
  -4.7999996e-01
  -5.4799998e-01
  -6.0099995e-01
  -2.7799997e-01
  -2.7099997e-01
  -6.0199994e-01
  -3.6699995e-01
  -1.2699996e-01
  -4.2499995e-01
  -5.4799992e-01
  -4.8899993e-01
  -5.3599995e-01
  -5.4699993e-01
  -4.4599995e-01
  -5.2099997e-01
  -3.3799994e-01
  -3.2299995e-01
  -4.1099995e-01
  -2.5199994e-01
  -1.9899994e-01
  -3.0399993e-01
  -7.2899991e-01
  -6.2599993e-01
  -6.3599992e-01
  -8.0999994e-01
  -7.1799994e-01
  -7.3099995e-01
  -7.0299995e-01
  -7.4899995e-01
  -8.5399991e-01
  -7.3199993e-01
  -5.1599991e-01
  -6.2599993e-01
  -7.2699994e-01
  -8.4100002e-01
  -9.4900000e-01
  -9.3500000e-01
  -1.1220000e+00
  -9.9700004e-01
  -8.2900000e-01
  -8.2800001e-01
  -8.9000005e-01
  -8.5300004e-01
  -8.8900000e-01
  -6.9700003e-01
  -7.1100008e-01
  -6.5100008e-01
  -6.2000006e-01
  -7.0900011e-01
  -6.7500007e-01
  -5.8100009e-01
  -7.6300007e-01
  -1.0080001e+00
  -9.1000009e-01
  -8.9100009e-01
  -1.1379999e+00
  -8.7799990e-01
  -1.0329999e+00
  -1.0639999e+00
  -9.3199986e-01
  -9.6799988e-01
  -1.0609999e+00
  -1.1959999e+00
  -1.1819999e+00
  -8.8499987e-01
  -1.0989999e+00
  -1.0309999e+00
  -1.0129999e+00
  -9.4899988e-01
  -8.2899988e-01
  -8.1299990e-01
  -1.1700000e+00
  -9.3399990e-01
  -8.1399989e-01
  -1.0250000e+00
  -9.2499995e-01
  -9.9099994e-01
  -1.0270000e+00
  -9.7599995e-01
  -7.8299993e-01
  -7.7299994e-01
  -4.7299996e-01
  -4.2299995e-01
  -9.3100011e-01
  -9.2700011e-01
  -8.6300009e-01
  -7.9000014e-01
  -8.3400011e-01
  -8.2400012e-01
  -9.0000010e-01
  -1.1590002e+00
  -9.0300012e-01
  -1.0010002e+00
  -1.0050001e+00
  -8.3900011e-01
  -6.2300009e-01
  -8.4400010e-01
  -8.7000012e-01
  -9.4800013e-01
  -8.4700012e-01
  -7.8500009e-01
  -5.7800013e-01
  -8.3400011e-01
  -1.0600001e+00
  -9.3100011e-01
  -6.1200011e-01
  -7.6400012e-01
  -7.6800013e-01
  -8.7200010e-01
  -6.1600012e-01
  -9.9300009e-01
  -1.1930000e+00
  -1.0820000e+00
  -1.0829999e+00
  -1.0310000e+00
  -1.1020000e+00
  -9.7799999e-01
  -8.7500000e-01
  -1.0870000e+00
  -1.0010000e+00
  -8.7400001e-01
  -9.6700001e-01
  -7.8099990e-01
  -7.1999991e-01
  -9.3699992e-01
  -9.0799993e-01
  -7.9599994e-01
  -6.3599992e-01
  -5.1599991e-01
  -5.1499993e-01
  -5.8299994e-01
  -6.5399992e-01
  -7.3999995e-01
  -7.0299995e-01
  -8.7900013e-01
  -8.2900012e-01
  -7.3600012e-01
  -6.9100010e-01
  -6.7300010e-01
  -7.4200010e-01
  -9.0900010e-01
  -7.2600013e-01
  -7.5100011e-01
  -4.9500009e-01
  -5.5600011e-01
  -6.2200010e-01
  -7.7500010e-01
  -7.4300009e-01
  -8.6400008e-01
  -8.1800008e-01
  -9.5100009e-01
  -1.0090001e+00
  -7.4700010e-01
  -7.3300010e-01
  -6.5800011e-01
  -7.0700008e-01
  -6.6600013e-01
  -5.0200009e-01
  -1.0930001e+00
  -8.6900008e-01
  -7.1600008e-01
  -8.3600008e-01
  -9.0900010e-01
  -9.8400009e-01
  -9.4600010e-01
  -7.7800012e-01
  -1.0160002e+00
  -8.5800010e-01
  -8.4100008e-01
  -9.1200012e-01
  -7.3700011e-01
  -8.6700010e-01
  -9.1500008e-01
  -9.5200008e-01
  -1.0070001e+00
  -9.8700011e-01
  -9.6000010e-01
  -9.6700013e-01
  -7.9600012e-01
  -8.6100012e-01
  -8.6500013e-01
  -1.1680001e+00
  -6.1700010e-01
  -7.8600013e-01
  -6.1400008e-01
  -6.4000010e-01
  -6.1800009e-01
  -8.4500009e-01
  -7.8700012e-01
  -9.4200009e-01
  -8.3800012e-01
  -6.8500012e-01
  -7.5200009e-01
  -7.8700012e-01
  -7.5400013e-01
  -6.7000008e-01
  -6.0200012e-01
  -7.0600009e-01
  -5.5200011e-01
  -5.3300011e-01
  -5.1800013e-01
  -6.9700009e-01
  -7.6400012e-01
  -8.8400012e-01
  -9.7700012e-01
  -9.5100009e-01
  -7.4700010e-01
  -7.0300013e-01
  -5.9500009e-01
  -6.2700009e-01
  -5.1800013e-01
  -6.1600012e-01
  -6.9200009e-01
  -6.8900013e-01
  -5.3400010e-01
  -7.2800010e-01
  -8.9600009e-01
  -9.7900009e-01
  -9.2400008e-01
  -6.6300011e-01
  -6.9900012e-01
  -7.6100010e-01
  -7.2600013e-01
  -8.5200012e-01
  -8.6300009e-01
  -9.1900009e-01
  -9.6500009e-01
  -1.1070001e+00
  -1.2710001e+00
  -9.4200009e-01
  -9.5000011e-01
  -7.5400013e-01
  -1.0380001e+00
  -8.3200008e-01
  -6.7500013e-01
  -7.6900011e-01
  -7.9800010e-01
  -8.1100011e-01
  -7.5500011e-01
  -6.8700010e-01
  -5.9800011e-01
  -4.9700010e-01
  -4.0200010e-01
  -5.1700008e-01
  -3.4700009e-01
  -4.0800011e-01
  -1.8300010e-01
  -1.3100010e-01
  -2.2800010e-01
  -1.2700011e-01
  -5.0000101e-02
  -9.0001030e-03
  -1.5500011e-01
  -3.0300009e-01
  -3.3100009e-01
  -5.1600009e-01
  -6.3200009e-01
  -6.6800010e-01
  -6.2800008e-01
  -6.1600012e-01
  -4.4600010e-01
  -6.7100012e-01
  -9.1800010e-01
  -7.9400009e-01
  -7.2500008e-01
  -5.1900011e-01
  -6.8700010e-01
  -6.6400009e-01
  -9.2700011e-01
  -7.5800008e-01
  -7.5100011e-01
  -8.2100010e-01
  -5.4600012e-01
  -6.1200011e-01
  -7.0400012e-01
  -6.7100012e-01
  -6.5400010e-01
  -5.7700008e-01
  -6.5800011e-01
  -4.3000010e-01
  -3.2700011e-01
  -5.4700011e-01
  -4.0400010e-01
  -4.4700012e-01
  -4.4900009e-01
  -6.1300009e-01
  -4.3900010e-01
  -3.6700010e-01
  -1.7700011e-01
  -5.7400012e-01
  -3.8500011e-01
  -2.7400011e-01
  -1.1300010e-01
  -3.8600010e-01
  -3.3700010e-01
  -4.6000010e-01
  -3.1220000e+00
  -3.0309999e+00
  -3.1020000e+00
  -2.9619999e+00
  -3.0730000e+00
  -2.9470000e+00
  -3.0190001e+00
  -3.2210000e+00
  -3.2739999e+00
  -3.1450000e+00
  -3.1900001e+00
  -3.1010001e+00
  -3.2639999e+00
  -3.0339999e+00
  -3.2300000e+00
  -3.1159999e+00
  -3.3130000e+00
  -3.5630000e+00
  -3.7300000e+00
  -3.5630000e+00
  -3.4449999e+00
  -3.2330000e+00
  -3.1470001e+00
  -3.1020000e+00
  -3.1870000e+00
  -2.9879999e+00
  -2.9760001e+00
  -2.6760001e+00
  -2.6740000e+00
  -2.6170001e+00
  -2.3220000e+00
  -2.4480000e+00
  -2.6600001e+00
  -3.1099999e+00
  -3.0090001e+00
  -3.0560000e+00
  -3.1510000e+00
  -2.9690001e+00
  -2.9489999e+00
  -2.9170001e+00
  -2.8810000e+00
  -3.0120001e+00
  -3.1370001e+00
  -3.1810000e+00
  -3.3699999e+00
  -3.2230000e+00
  -3.1930001e+00
  -3.3250000e+00
  -3.8239999e+00
  -4.0050001e+00
  -4.2420001e+00
  -3.7230000e+00
  -3.6229999e+00
  -3.5960000e+00
  -3.9050000e+00
  -4.0599999e+00
  -3.8220000e+00
  -3.6540000e+00
  -3.6700001e+00
  -3.3989999e+00
  -2.7960000e+00
  -2.3420000e+00
  -2.7709999e+00
  -2.4300001e+00
  -2.6320000e+00
  -3.2240000e+00
  -2.8980000e+00
  -2.9400001e+00
  -2.9649999e+00
  -2.9110000e+00
  -3.1229999e+00
  -3.3110001e+00
  -3.4979999e+00
  -3.5390000e+00
  -3.1840000e+00
  -2.9280000e+00
  -3.1329999e+00
  -3.6980000e+00
  -3.8980000e+00
  -3.8980000e+00
  -4.1780000e+00
  -4.2160001e+00
  -3.6170001e+00
  -3.2490001e+00
  -2.5330000e+00
  -2.3060000e+00
  -2.8080001e+00
  -2.8210001e+00
  -2.9150000e+00
  -2.7670000e+00
  -2.9170001e+00
  -3.1989999e+00
  -3.3840001e+00
  -3.1310000e+00
  -3.2490001e+00
  -3.2790000e+00
  -3.4979999e+00
  -3.6670001e+00
  -3.6930001e+00
  -3.5840001e+00
  -3.8150001e+00
  -3.8650000e+00
  -3.7470000e+00
  -2.9270000e+00
  -2.6229999e+00
  -2.7950001e+00
  -3.3920000e+00
  -2.8490000e+00
  -2.8329999e+00
  -2.9749999e+00
  -2.9410000e+00
  -2.9640000e+00
  -3.1280000e+00
  -3.1800001e+00
  -3.3399999e+00
  -3.6210001e+00
  -3.8199999e+00
  -3.7960000e+00
  -3.6329999e+00
  -3.7890000e+00
  -3.3030000e+00
  -2.8920000e+00
  -3.0350001e+00
  -3.3610001e+00
  -3.1240001e+00
  -2.7360001e+00
  -2.8390000e+00
  -2.8210001e+00
  -2.6889999e+00
  -2.8680000e+00
  -2.8110001e+00
  -2.8239999e+00
  -2.8099999e+00
  -2.9370000e+00
  -3.1819999e+00
  -3.3169999e+00
  -2.9370000e+00
  -2.9640000e+00
  -2.9970000e+00
  -2.8510001e+00
  -2.5669999e+00
  -2.4489999e+00
  -2.5520000e+00
  -2.3850000e+00
  -2.3740001e+00
  -2.5530000e+00
  -2.7390001e+00
  -2.9089999e+00
  -2.8429999e+00
  -2.8360000e+00
  -2.4059999e+00
  -2.0739999e+00
  -2.0120001e+00
  -2.2179999e+00
  -2.3220000e+00
  -2.8510001e+00
  -2.7860000e+00
  -2.7349999e+00
  -2.5170000e+00
  -2.3680000e+00
  -2.1180000e+00
  -2.4579999e+00
  -2.2909999e+00
  -7.5500000e-01
  -8.8000000e-01
  -7.2000003e-01
  -6.7500001e-01
  -5.9900004e-01
  -6.0000002e-01
  -7.1699995e-01
  -6.3199997e-01
  -4.3599996e-01
  -8.0299997e-01
  -8.0699998e-01
  -1.0319999e+00
  -9.7999996e-01
  -1.0259999e+00
  -9.3399996e-01
  -1.0200000e+00
  -1.0139999e+00
  -1.0400000e+00
  -1.2670000e+00
  -1.0649999e+00
  -9.6399993e-01
  -1.0319999e+00
  -8.1700003e-01
  -1.0540000e+00
  -1.1660000e+00
  -9.2000002e-01
  -1.1000000e+00
  -1.1010001e+00
  -1.2030001e+00
  -7.3300004e-01
  -9.7400004e-01
  -7.2500002e-01
  -6.6499996e-01
  -8.9899993e-01
  -8.8199997e-01
  -1.0300000e+00
  -1.0289999e+00
  -1.0960000e+00
  -9.5599997e-01
  -1.0929999e+00
  -8.6199999e-01
  -1.0010000e+00
  -8.6500001e-01
  -1.0600001e+00
  -9.9400002e-01
  -7.5800002e-01
  -7.2600001e-01
  -1.0089999e+00
  -1.0260000e+00
  -1.0750000e+00
  -1.2010000e+00
  -6.4799994e-01
  -7.3199999e-01
  -1.0380000e+00
  -7.9200000e-01
  -1.0640000e+00
  -1.4399999e+00
  -8.7500000e-01
  -8.3899999e-01
  -1.2670000e+00
  -1.7129999e+00
  -1.9069999e+00
  -1.2170000e+00
  -9.1500002e-01
  -7.5600004e-01
  -7.2500002e-01
  -6.8900007e-01
  -7.5900006e-01
  -1.2510000e+00
  -1.0660000e+00
  -1.4790001e+00
  -1.4130000e+00
  -1.3310000e+00
  -1.2620000e+00
  -1.1120000e+00
  -5.5500001e-01
  -5.3700000e-01
  -3.0800000e-01
  -7.8000003e-01
  -7.0300001e-01
  -8.2499999e-01
  -7.8899997e-01
  -6.0400003e-01
  -2.5300002e-01
  -5.5500001e-01
  -5.0600004e-01
  -5.7300001e-01
  -2.8200001e-01
  -5.3600001e-01
  -7.4200004e-01
  -1.2940000e+00
  -1.1970000e+00
  -1.3420000e+00
  -1.2710000e+00
  -1.0920000e+00
  -1.1490000e+00
  -1.1140001e+00
  -2.0100003e-01
  -6.9800001e-01
  -7.9700005e-01
  -9.0300006e-01
  -1.0420001e+00
  -1.2070000e+00
  -1.1780000e+00
  -1.5670000e+00
  -1.2090000e+00
  -1.2070000e+00
  -1.2410001e+00
  -1.1150000e+00
  -9.2699999e-01
  -1.4900000e+00
  -1.1200000e+00
  -1.0929999e+00
  -1.2600000e+00
  -1.3750000e+00
  -1.4320000e+00
  -7.9200000e-01
  -1.0570000e+00
  -7.6499999e-01
  -7.3799998e-01
  -1.0130000e+00
  -1.1010000e+00
  -1.3300000e+00
  -1.0030000e+00
  -1.2630000e+00
  -1.1849999e+00
  -1.2200000e+00
  -1.2309999e+00
  -9.9100006e-01
  -1.3140000e+00
  -1.4570000e+00
  -1.1920000e+00
  -1.3310001e+00
  -1.2650001e+00
  -1.3200001e+00
  -1.1470001e+00
  -1.5189999e+00
  -8.7299997e-01
  -7.7899998e-01
  -9.6299994e-01
  -9.3999994e-01
  -9.9599999e-01
  -1.0450001e+00
  -1.2850000e+00
  -1.1950001e+00
  -1.2790000e+00
  -1.2500000e+00
  -1.1240001e+00
  -1.1020000e+00
  -1.1770000e+00
  -1.0520000e+00
  -1.1070000e+00
  -8.7600005e-01
  -7.8800005e-01
  -1.3510001e+00
  -1.3020000e+00
  -1.2610000e+00
  -1.0020000e+00
  -1.1400000e+00
  -1.0710000e+00
  -9.6800005e-01
  -9.6900004e-01
  -9.4900000e-01
  -8.6800003e-01
  -8.1100005e-01
  -5.8900005e-01
  -6.1700004e-01
  -9.1500002e-01
  -9.5800000e-01
  -1.0370001e+00
  -7.9800004e-01
  -7.4100006e-01
  -7.7300000e-01
  -6.8500000e-01
  -8.5600001e-01
  -1.0090001e+00
  -9.9000001e-01
  -9.4500005e-01
  -7.7400005e-01
  -6.1600000e-01
  -6.2900001e-01
  -6.0699999e-01
  -6.4700001e-01
  -5.4699999e-01
  -4.5699999e-01
  -4.4900000e-01
  -3.4200001e-01
  -4.7100002e-01
  -1.8700001e-01
   9.9999988e-03
   1.6100000e-01
   2.6899999e-01
  -4.9899995e-01
  -4.9299994e-01
  -4.3399996e-01
  -5.6899995e-01
  -4.9699995e-01
  -3.6499995e-01
   9.1000050e-02
  -1.8699995e-01
  -1.1999995e-01
  -3.7499994e-01
  -2.1799995e-01
  -5.8899993e-01
  -3.5499996e-01
  -2.8999996e-01
  -2.2099994e-01
  -2.6299995e-01
  -8.1899995e-01
  -8.2899994e-01
  -6.6799992e-01
  -7.9399997e-01
  -6.4199996e-01
  -5.6899995e-01
  -8.1799996e-01
  -5.2799994e-01
  -8.2599998e-01
  -6.6299993e-01
  -4.5799994e-01
  -2.4799995e-01
  -2.0999949e-02
   3.2000050e-02
  -1.4599995e-01
  -1.0199995e-01
   2.5000051e-02
  -2.2999948e-02
  -9.6300000e-01
  -9.4199997e-01
  -7.4199998e-01
  -7.2299999e-01
  -8.1099999e-01
  -6.4800000e-01
  -6.5200001e-01
  -7.2499996e-01
  -4.6599999e-01
  -4.1400000e-01
  -3.2099998e-01
   1.5000010e-02
   2.9500002e-01
   3.3000011e-02
  -2.9699999e-01
  -5.4799998e-01
  -5.2700001e-01
  -4.1700000e-01
  -3.5699999e-01
  -3.0699998e-01
  -1.6199999e-01
  -7.7000010e-01
  -6.8600011e-01
  -6.9800007e-01
  -7.2900009e-01
  -8.9800012e-01
  -7.7000010e-01
  -5.2700007e-01
  -4.6200010e-01
  -4.8000094e-02
  -2.4400009e-01
  -7.8100008e-01
  -8.2300007e-01
  -1.0350001e+00
  -9.7700012e-01
  -6.9700009e-01
  -3.1100011e-01
  -9.0001011e-03
  -1.6600010e-01
  -3.3300009e-01
  -9.1899991e-01
  -7.0599991e-01
  -8.5699987e-01
  -5.0599986e-01
  -5.4399991e-01
  -8.4399998e-01
  -9.9400002e-01
  -5.7499999e-01
  -4.8900002e-01
  -5.4500002e-01
  -7.1700001e-01
  -6.1300004e-01
  -5.1600003e-01
  -3.7200001e-01
  -5.0700003e-01
  -2.5400001e-01
  -6.0900003e-01
  -3.7100002e-01
  -3.0599999e-01
   6.9999993e-02
   5.1999994e-02
   3.1599998e-01
   2.9600000e-01
  -5.5200011e-01
  -6.1100012e-01
  -5.4500008e-01
  -5.9900010e-01
  -4.4700012e-01
  -6.3300008e-01
  -7.3700011e-01
  -5.6400013e-01
  -3.3100012e-01
  -4.6700010e-01
  -4.3700010e-01
  -2.6200011e-01
  -1.5600011e-01
   4.2999893e-02
  -1.7000105e-02
  -2.2000010e-01
  -2.8800011e-01
  -4.2000104e-02
  -9.2000104e-02
  -9.5100009e-01
  -1.0460001e+00
  -1.2060001e+00
  -1.4960001e+00
  -1.3260001e+00
  -1.2610000e+00
  -1.2190001e+00
  -1.3330001e+00
  -1.2010001e+00
  -1.0090001e+00
  -7.9900008e-01
  -7.6400006e-01
  -6.4200008e-01
  -5.6900007e-01
  -2.7800009e-01
  -2.1800007e-01
  -1.8700007e-01
  -2.3000008e-01
  -3.4800008e-01
  -3.8200006e-01
  -3.7100005e-01
  -3.5400006e-01
  -3.9400005e-01
  -3.3500004e-01
  -4.3700004e-01
  -7.6400006e-01
  -8.1200004e-01
  -6.0400003e-01
  -5.7800007e-01
  -4.4800004e-01
  -5.4100007e-01
  -5.8300006e-01
  -6.2800002e-01
  -5.5800003e-01
  -8.1700003e-01
  -1.0410000e+00
  -1.0840000e+00
  -9.1800004e-01
  -7.5200003e-01
  -7.6200002e-01
  -7.1600002e-01
  -5.5300003e-01
  -2.5000003e-01
  -3.6200002e-01
  -4.2500004e-01
  -1.7299996e-01
   2.7300003e-01
  -2.9399997e-01
  -1.2899996e-01
  -2.1899997e-01
  -1.3699996e-01
  -2.2999970e-02
   9.6000031e-02
  -2.8899997e-01
  -5.3699994e-01
  -5.9499997e-01
  -2.8599998e-01
  -6.0200000e-01
  -5.6500000e-01
  -4.4399998e-01
  -3.4399998e-01
   2.0500003e-01
   2.0800003e-01
   1.5700004e-01
  -5.2300000e-01
  -2.2300000e-01
  -6.7500001e-01
  -1.6500001e-01
  -4.3800002e-01
  -9.9000014e-02
  -5.7700002e-01
  -7.6000012e-02
   1.6999988e-02
   1.9399989e-01
   3.1999882e-02
  -3.1400013e-01
  -1.5600012e-01
  -4.5900011e-01
   4.4499987e-01
   3.5699987e-01
   2.3899989e-01
   2.3999995e-01
   1.8799995e-01
   5.9999947e-02
  -3.4300005e-01
   4.9999945e-02
  -2.3900005e-01
  -9.3000054e-02
   3.6199996e-01
  -4.2400008e-01
   2.6599991e-01
   1.7799991e-01
   1.5299991e-01
   5.4999914e-02
   1.3699992e-01
  -3.1000085e-02
   3.0299991e-01
  -5.2300006e-01
  -8.4100002e-01
  -6.0500002e-01
  -7.1100003e-01
  -6.5400004e-01
  -4.9000004e-01
  -6.7600006e-01
  -3.8000062e-02
  -1.2900007e-01
  -2.7000007e-01
   1.1899994e-01
   1.5599994e-01
   2.9499993e-01
   3.5299993e-01
   3.3800003e-01
   3.2500005e-01
   5.0800002e-01
   4.8800004e-01
   4.7300005e-01
   6.8400002e-01
   2.8400004e-01
   6.6700006e-01
   4.0200004e-01
  -4.0899998e-01
  -4.3599996e-01
  -1.3899997e-01
  -2.0299996e-01
  -1.2399997e-01
  -1.0199997e-01
  -2.0399997e-01
  -7.3999971e-02
  -7.5999968e-02
   5.0000288e-03
  -1.2000010e-01
  -2.5400010e-01
   1.0099990e-01
   6.3899988e-01
   6.4999992e-01
   6.2799990e-01
   7.0099992e-01
   6.3699991e-01
   3.7299991e-01
   4.5999896e-02
   1.8999989e-01
  -1.6000103e-02
  -2.1800010e-01
   9.3999900e-02
  -9.2000104e-02
  -1.2000103e-02
  -7.9000100e-02
   5.0999898e-02
  -6.0001030e-03
  -7.1000107e-02
   1.2899990e-01
   2.4199989e-01
  -1.1600010e-01
   1.1400004e-01
  -7.7999964e-02
   1.2700003e-01
   3.3200005e-01
   2.6800004e-01
   5.0000038e-02
   2.7600002e-01
   6.2900001e-01
   9.0000033e-02
  -1.1399996e-01
  -2.0699996e-01
  -1.8799996e-01
  -2.2299996e-01
  -6.0000110e-02
  -4.5800012e-01
  -5.1300013e-01
  -4.4900012e-01
   8.7999888e-02
   4.7399989e-01
  -2.0100011e-01
  -7.5000107e-02
   1.4499989e-01
  -4.3100011e-01
  -2.8600010e-01
  -2.9700011e-01
  -5.6500012e-01
   1.4400008e-01
  -2.6099992e-01
  -4.4499993e-01
   6.4000078e-02
  -6.7999922e-02
   1.2600008e-01
   2.2500008e-01
   2.7600008e-01
   3.9000079e-02
  -1.6299993e-01
  -2.5699991e-01
  -1.0899992e-01
  -1.3999993e-01
  -7.6499993e-01
  -2.1800011e-01
  -2.3300011e-01
  -2.7500013e-01
  -1.2000012e-01
   2.1899989e-01
   3.0499989e-01
   7.9599988e-01
   7.4999884e-02
   1.5999989e-01
  -8.1000112e-02
  -1.7100011e-01
   2.9199988e-01
   2.2499989e-01
   4.2999886e-02
  -1.0100012e-01
  -5.9999909e-02
   1.2100009e-01
   3.9000090e-02
  -1.5199991e-01
   3.5700008e-01
   6.6300011e-01
   8.6200011e-01
   6.3100010e-01
   6.8900007e-01
   8.2100010e-01
   1.0070001e+00
   7.4900007e-01
   1.3500009e-01
   3.5400009e-01
   4.0000092e-02
  -4.6600005e-01
  -1.5000005e-01
  -1.3300005e-01
   1.0799995e-01
   1.2199995e-01
   1.1599995e-01
  -1.9000006e-01
  -1.6400005e-01
  -4.7200006e-01
  -2.6600006e-01
  -2.1200006e-01
  -5.9000053e-02
  -2.7600005e-01
  -5.4800004e-01
  -4.2400005e-01
  -2.8300005e-01
  -6.0300004e-01
   1.0800002e-01
  -2.4199998e-01
  -5.7699996e-01
  -6.6099995e-01
  -7.6599997e-01
  -1.0500000e+00
  -8.7399995e-01
  -8.6500001e-01
  -6.3000000e-01
  -9.8600000e-01
  -7.5500000e-01
  -3.7699997e-01
  -4.2899999e-01
  -1.4599998e-01
  -7.3499995e-01
  -7.1899998e-01
  -1.2309999e+00
  -1.4970000e+00
  -2.0000401e-03
  -1.1000004e-01
  -3.6100003e-01
  -2.3000039e-02
  -1.6000040e-02
   6.9999602e-03
   1.2899996e-01
   1.8999960e-02
  -1.7200004e-01
   3.8300002e-01
   5.2400005e-01
   3.2700002e-01
   5.2300000e-01
   6.2700003e-01
   5.4000002e-01
   1.2000003e-01
   6.7000031e-02
   1.1000031e-02
  -2.4299996e-01
   1.6000004e-01
   8.0000035e-02
   4.1000038e-02
   1.2800004e-01
   1.8700004e-01
   2.1900004e-01
   3.2000005e-01
   2.1000039e-02
  -3.2599992e-01
  -3.4399992e-01
  -5.4099989e-01
  -5.1899993e-01
  -8.5499990e-01
  -4.5499992e-01
  -7.9299992e-01
  -9.2199993e-01
  -8.3299989e-01
  -5.6499994e-01
  -2.7999958e-02
  -9.9999579e-03
  -1.0299996e-01
   6.0000420e-03
   1.2800004e-01
  -1.6199996e-01
   4.1961670e-08
  -3.8199997e-01
  -3.8999996e-01
  -8.9999577e-03
  -5.3499997e-01
  -3.8199994e-01
  -3.4599996e-01
  -4.7499993e-01
  -5.1299995e-01
  -4.6299994e-01
  -3.3799994e-01
  -4.1999996e-01
  -1.7499995e-01
  -1.5199995e-01
  -4.3499994e-01
  -5.5099994e-01
  -2.7600008e-01
  -4.7600007e-01
  -3.8400009e-01
  -5.9800005e-01
  -8.1300008e-01
  -8.3400005e-01
  -8.4100008e-01
  -7.7600008e-01
  -1.1170001e+00
  -1.0590001e+00
  -9.4000006e-01
  -7.3100007e-01
  -2.7200004e-01
  -6.2000006e-01
  -5.5900002e-01
  -6.1900002e-01
  -9.4800001e-01
  -8.8000005e-01
  -7.3000002e-01
  -5.8200002e-01
  -7.4100006e-01
  -7.7000004e-01
  -9.9500006e-01
  -4.9700007e-01
  -2.9800007e-01
  -4.2600006e-01
  -3.9800006e-01
  -3.2000008e-01
  -1.7300007e-01
  -1.3800007e-01
  -5.3100008e-01
  -9.3900007e-01
  -1.3830000e+00
  -1.6430001e+00
  -1.6770000e+00
  -9.7200006e-01
  -9.3000001e-01
  -8.1500006e-01
  -6.6100001e-01
  -5.9300005e-01
  -9.8000002e-01
  -7.0000005e-01
  -6.5600002e-01
  -8.0900002e-01
  -7.6100004e-01
  -8.2900006e-01
  -5.9400004e-01
  -6.7800003e-01
  -6.4099997e-01
  -3.8399997e-01
  -3.4899998e-01
  -3.2499999e-01
  -1.4499998e-01
  -2.4399997e-01
   8.0000227e-03
   1.8600002e-01
   5.2300000e-01
   7.6000005e-01
   7.8200001e-01
   7.2000003e-01
   7.8400004e-01
  -5.6200010e-01
  -6.5700006e-01
  -4.1100007e-01
  -2.6300007e-01
  -2.1700008e-01
  -1.4600009e-01
  -1.0500009e-01
   1.4899991e-01
   1.2099992e-01
  -1.2000086e-02
   2.0699991e-01
   5.8899993e-01
   6.5599990e-01
  -6.0599989e-01
  -4.7199988e-01
  -8.1299990e-01
  -6.4099991e-01
  -5.4999989e-01
  -3.2899988e-01
  -3.1499988e-01
  -5.5699986e-01
  -3.6299989e-01
  -3.4999987e-01
  -3.2299989e-01
  -5.9399986e-01
  -6.1199993e-01
  -5.6399989e-01
  -8.3999991e-01
  -8.2199991e-01
  -6.8499994e-01
  -6.1499989e-01
  -5.1599991e-01
  -6.7499989e-01
  -8.8299990e-01
  -8.1799990e-01
  -8.4299994e-01
  -1.1529999e+00
  -8.5899991e-01
  -7.8699994e-01
  -4.9299991e-01
  -5.5499995e-01
  -5.9499991e-01
  -7.0899993e-01
  -7.2299993e-01
  -8.0999994e-01
  -8.2199991e-01
  -6.6599995e-01
  -8.4599990e-01
  -6.8199992e-01
  -5.7500005e-01
  -5.2000004e-01
  -5.8700007e-01
  -4.3300006e-01
  -6.2300003e-01
  -4.9800006e-01
  -5.6000006e-01
  -5.7100004e-01
  -4.1000006e-01
  -5.7800007e-01
  -7.1000004e-01
  -7.0600009e-01
  -5.2400005e-01
  -5.4700005e-01
  -5.3700006e-01
  -5.5200005e-01
  -4.6900007e-01
  -5.7800007e-01
  -3.4300005e-01
  -4.2600006e-01
  -5.7500005e-01
  -2.9200006e-01
  -2.2500007e-01
  -3.2800004e-01
  -3.4500006e-01
  -5.3500003e-01
  -4.9600005e-01
  -4.3800005e-01
  -5.5200005e-01
  -6.4200008e-01
  -6.2600005e-01
  -4.6500006e-01
  -4.1900006e-01
  -3.7400004e-01
  -1.7400011e-01
  -2.5200012e-01
  -1.1700011e-01
  -1.9300011e-01
  -1.0400011e-01
  -2.1400011e-01
  -2.1100011e-01
  -1.8200012e-01
  -1.4400011e-01
  -9.2000112e-02
   2.5999891e-02
  -3.1100005e-01
  -2.8500006e-01
  -5.0000006e-01
  -3.9600006e-01
  -2.5600007e-01
  -3.3900008e-01
  -5.6600004e-01
  -6.6300005e-01
  -4.9400008e-01
  -3.9500007e-01
  -2.3400006e-01
  -4.2199999e-01
  -1.8000001e-01
  -1.8400000e-01
  -1.0100000e-01
  -2.1500000e-01
  -7.1999997e-02
  -1.0200000e-01
  -1.9200000e-01
  -7.2999999e-02
   5.7999998e-02
  -4.2800009e-01
  -1.9700010e-01
  -3.6800009e-01
  -2.9900011e-01
  -1.4900011e-01
  -1.5300010e-01
  -1.9100010e-01
  -4.5000102e-02
   5.9999898e-02
   1.6799989e-01
  -1.7300010e-01
  -3.3000010e-01
  -4.8100010e-01
  -3.9900011e-01
  -3.1500012e-01
  -3.5900012e-01
  -2.7000010e-01
  -2.6400012e-01
  -3.1300011e-01
  -1.3700010e-01
  -6.1000105e-02
  -4.1900006e-01
  -4.5700008e-01
  -4.5900008e-01
  -2.8400007e-01
  -4.1700009e-01
  -3.8200006e-01
  -4.8100007e-01
  -5.7900006e-01
  -4.6900007e-01
  -1.7900008e-01
  -2.9800010e-01
  -5.0600010e-01
  -3.6000010e-01
  -4.1300011e-01
  -2.6100010e-01
  -2.0900011e-01
  -3.8600010e-01
  -5.3500009e-01
  -4.2800012e-01
  -8.2999922e-02
  -2.1399993e-01
  -1.6799992e-01
  -2.9799992e-01
  -2.0199992e-01
  -5.4699993e-01
  -4.4199991e-01
  -2.7799991e-01
  -4.0299991e-01
  -3.5400006e-01
  -3.1800005e-01
  -3.2800004e-01
  -2.9200006e-01
  -3.7900004e-01
  -4.2200005e-01
  -3.3800006e-01
  -1.3600005e-01
   1.4999950e-02
  -6.0000028e-02
  -1.7000029e-02
  -7.0000286e-03
   7.2999969e-02
  -1.5400003e-01
   1.0799997e-01
   2.4399997e-01
   4.0099996e-01
   4.3599996e-01
  -6.6000029e-02
   1.8499997e-01
  -1.4000027e-02
  -4.3000028e-02
  -2.3300003e-01
  -1.2100003e-01
   1.6399997e-01
   2.6099998e-01
   4.2199996e-01
  -1.2299991e-01
  -2.0199992e-01
  -2.1399991e-01
  -1.5999991e-01
   3.9000086e-02
  -1.0799991e-01
  -2.9999122e-03
  -4.4999912e-02
   1.1600010e-01
   1.0000103e-02
   4.4700012e-01
   5.4500008e-01
   5.8400011e-01
   6.0900009e-01
   5.5100012e-01
   6.2300009e-01
   4.5200011e-01
   3.5600007e-01
   3.5300007e-01
   6.6600007e-01
   7.2800004e-01
   6.6700006e-01
   7.3400009e-01
   7.0700008e-01
   2.0400010e-01
   3.4500009e-01
   3.9000010e-01
   3.3700010e-01
   3.7800011e-01
   2.5700009e-01
   1.5800010e-01
   3.7500009e-01
  -6.2000118e-02
  -1.0000012e-01
   3.7999883e-02
   6.1999884e-02
  -1.4000119e-02
  -1.1100012e-01
  -5.8000118e-02
  -1.9199988e-01
  -2.9999989e-01
  -1.9499989e-01
  -8.6999886e-02
  -3.2999888e-02
   3.7000112e-02
   5.9000112e-02
  -4.5999888e-02
  -5.7399988e-01
  -2.6499990e-01
  -1.4099991e-01
  -1.7499991e-01
  -5.9999909e-02
   2.1300009e-01
   5.3300011e-01
   2.0800009e-01
   4.0700009e-01
   2.9900008e-01
   4.1500008e-01
   6.4900011e-01
   4.7500008e-01
   5.3100008e-01
   1.6200009e-01
  -1.5499991e-01
   3.8800010e-01
   2.6600009e-01
  -2.0499991e-01
   9.0000881e-03
   2.0400009e-01
   2.2500008e-01
   4.9300009e-01
   2.1900009e-01
   4.0500009e-01
   5.6400007e-01
   4.8900008e-01
   5.2800012e-01
  -2.2400001e-01
  -1.5100001e-01
  -1.3200001e-01
  -3.8000010e-02
  -1.7700002e-01
  -2.2700001e-01
  -2.1400002e-01
  -1.1800001e-01
  -6.0000010e-02
  -3.2799992e-01
  -2.1999922e-02
   8.3000079e-02
   1.4800008e-01
   7.9000078e-02
  -1.7799993e-01
  -1.4999921e-02
  -1.6699992e-01
  -8.6999923e-02
  -1.4199999e-01
  -1.8599999e-01
  -1.3499999e-01
   1.0700001e-01
   8.8000007e-02
   1.9300000e-01
   2.9000007e-02
  -1.2099999e-01
  -1.6900000e-01
  -1.3499995e-01
   1.2600006e-01
   6.2000059e-02
   1.3800006e-01
  -4.7999945e-02
   2.4000058e-02
   5.4000057e-02
   4.6500000e-01
   3.2000002e-01
   1.9000001e-01
   5.6000009e-02
  -3.1500000e-01
  -1.8799999e-01
  -1.1799999e-01
   3.0000001e-01
  -4.9000058e-02
   8.0999941e-02
   1.7799994e-01
   2.9199994e-01
   7.5399995e-01
   6.7599994e-01
  -4.0000570e-03
   4.7499993e-01
   3.7999943e-02
   1.3299994e-01
   1.6199994e-01
  -2.0700006e-01
  -3.1100005e-01
   8.6999945e-02
   3.3999942e-02
  -1.2800010e-01
  -3.9900011e-01
   8.9999028e-03
  -7.4000098e-02
  -1.9800010e-01
   1.8199991e-01
   1.4799990e-01
  -6.1000019e-02
  -1.0400002e-01
  -1.7700002e-01
  -3.3100003e-01
  -2.4100003e-01
   7.4999981e-02
   1.8099998e-01
  -1.9100001e-01
  -2.6700002e-01
   1.5399998e-01
  -1.9200002e-01
  -3.8000017e-02
   2.7399999e-01
   2.6999998e-01
  -1.2999998e-02
   1.4900000e-01
   1.6300000e-01
   1.4000000e-01
   6.1000001e-01
   3.6399999e-01
   3.0599999e-01
   1.7200001e-01
   9.0000015e-03
   2.2600000e-01
   5.5800003e-01
   5.0800002e-01
   7.1200001e-01
  -3.1999994e-02
  -9.1999993e-02
   1.0000076e-03
   2.3400001e-01
   1.6800001e-01
   5.4799998e-01
   4.2300001e-01
   5.3200001e-01
   3.4900001e-01
   2.9000008e-02
   1.2400001e-01
   4.8100001e-01
   6.7000009e-02
   1.0800006e-01
   1.2900007e-01
   2.1800007e-01
   6.8000063e-02
   2.4700007e-01
   2.0400006e-01
   3.3100006e-01
   5.3600007e-01
   7.5600004e-01
   5.9700006e-01
   5.6100005e-01
   4.3800005e-01
   9.1000080e-02
   5.1400006e-01
   4.1500008e-01
   3.3900008e-01
   5.4200006e-01
   5.1200008e-01
   5.6400007e-01
   5.6700009e-01
   8.1600010e-01
   3.6300009e-01
   3.4200007e-01
   2.5000009e-01
   3.0000573e-03
   3.3400005e-01
   7.6000057e-02
   3.5300004e-01
   2.9600006e-01
   4.6700007e-01
   8.6400008e-01
   2.8300005e-01
   5.1300007e-01
   4.1300005e-01
   2.7900004e-01
   2.1600005e-01
   4.1100004e-01
   7.7300006e-01
   7.4200004e-01
   7.6400006e-01
   3.4700003e-01
   5.2100003e-01
   3.2000005e-01
   3.7900004e-01
   5.0700003e-01
   1.1000004e-01
   4.2400005e-01
   5.9000045e-02
   4.6699992e-01
   4.1199994e-01
   1.7899993e-01
   6.7299992e-01
   7.2399992e-01
   2.7899992e-01
   5.0499994e-01
   1.6399993e-01
   2.6599994e-01
   4.8000008e-01
   5.8900011e-01
   9.8800009e-01
   9.7800010e-01
   9.8300010e-01
   9.9600011e-01
   4.6300009e-01
   5.4900008e-01
   8.9500010e-01
   1.2900008e-01
   2.7400008e-01
   1.8500008e-01
   3.6600009e-01
   1.2000008e-01
   3.4700009e-01
   4.2000008e-01
   4.5900008e-01
   4.0200007e-01
   6.8800008e-01
   5.8900005e-01
   5.0000006e-01
   4.3200007e-01
   8.8300008e-01
   6.0600007e-01
   1.0250001e+00
   8.7200004e-01
   6.5300006e-01
   5.1800007e-01
   4.3700001e-01
  -5.1400000e-01
   7.0000058e-03
  -5.2200001e-01
  -1.7999999e-01
  -2.0699999e-01
   2.5600001e-01
   4.0500000e-01
   4.3000001e-01
   4.2199999e-01
   2.9099989e-01
   5.3599989e-01
   1.0699989e-01
  -1.3400011e-01
   3.5799989e-01
  -1.7900011e-01
  -7.0001106e-03
   5.3999890e-02
   5.2999991e-01
   5.9099990e-01
   2.8899989e-01
   4.0200010e-01
   2.8700012e-01
   3.8400012e-01
   4.2100012e-01
   5.9100014e-01
   3.1600010e-01
   2.6400012e-01
   1.8700011e-01
   2.5200012e-01
   2.5500011e-01
   4.6800011e-01
   4.4800010e-01
   2.6200011e-01
   2.5500011e-01
   4.5700011e-01
   2.9000111e-02
   1.1900011e-01
   1.1200011e-01
   2.3600011e-01
   7.5800014e-01
   7.3699999e-01
   5.0599998e-01
   2.6300001e-01
   1.1500000e-01
   5.5299997e-01
   5.6300002e-01
   3.1799999e-01
   1.5600000e-01
   4.3900001e-01
   2.3300000e-01
   6.8999994e-01
   6.3899994e-01
   4.5899993e-01
   6.9599992e-01
   2.9799992e-01
   5.2899992e-01
   1.0999992e-01
   1.0699993e-01
   4.5799991e-01
   7.4999928e-02
   4.7899988e-01
   3.1999987e-01
   3.2699987e-01
   2.3599988e-01
   8.3399987e-01
   4.7799990e-01
   4.3299988e-01
   6.9399989e-01
   5.4699987e-01
   7.1100003e-01
   1.5400000e-01
   5.6599998e-01
   3.7799999e-01
   3.7300000e-01
   6.9099998e-01
   4.0000001e-01
   2.6100001e-01
   4.9400011e-01
   3.1100011e-01
   1.1200010e-01
   3.4300008e-01
   2.6200008e-01
   2.7700010e-01
   5.3500009e-01
   3.1200010e-01
   8.7099999e-01
   4.2199999e-01
   5.4600000e-01
   3.7400001e-01
   4.8400000e-01
   3.9399999e-01
   2.7300000e-01
   2.2700001e-01
   2.3800001e-01
   2.5699994e-01
   3.7799993e-01
   4.8199993e-01
   2.8099993e-01
   3.7699994e-01
   1.9399993e-01
   1.7399994e-01
   2.3899993e-01
   2.6999995e-01
   2.1300006e-01
   2.1100006e-01
   2.7900004e-01
   2.2900005e-01
   6.5900004e-01
   4.0200004e-01
   4.4200006e-01
   1.7900005e-01
   1.7900005e-01
   5.6899995e-01
   3.3299994e-01
   4.6999935e-02
   4.8599994e-01
  -1.6400006e-01
   3.0799994e-01
   4.1299993e-01
  -4.1000064e-02
   3.3999935e-02
   1.0399994e-01
  -1.9300002e-01
   2.1699998e-01
  -1.1100002e-01
   3.8899997e-01
   1.9699998e-01
   4.7799999e-01
   4.0799996e-01
   1.2699997e-01
   1.2699997e-01
  -8.1999891e-02
  -6.7999892e-02
  -5.5999890e-02
  -4.7999892e-02
  -1.1599989e-01
   5.2000109e-02
  -3.9998912e-03
  -2.3199989e-01
  -3.4999907e-02
   7.8000091e-02
   9.6000090e-02
   1.3600010e-01
   3.8100010e-01
  -1.1399990e-01
   9.8000094e-02
   4.5800009e-01
   4.0400010e-01
   4.6600002e-01
   6.8700004e-01
   6.1900002e-01
   6.3000005e-01
   3.8400003e-01
   6.3900006e-01
   4.4600004e-01
   6.1500001e-01
   3.3400002e-01
   9.5400006e-01
   4.4800007e-01
   4.2400008e-01
   4.1000009e-01
   5.9400010e-01
   4.5900008e-01
   1.8300007e-01
   6.3700008e-01
   7.4900007e-01
   3.8500011e-01
   3.6200011e-01
   7.4000013e-01
   5.8400011e-01
   4.7200009e-01
   5.6200010e-01
   5.1800013e-01
   1.3000010e-01
  -5.9998990e-03
  -1.5699990e-01
   3.7699988e-01
   1.1599988e-01
   1.3299988e-01
   2.5999885e-02
   4.1999884e-02
  -8.8000111e-02
   2.3799989e-01
  -5.6000113e-02
  -2.1600011e-01
   1.5499988e-01
   3.6599997e-01
   2.0399997e-01
   4.2999995e-01
   3.9799997e-01
   7.5899994e-01
   1.8699996e-01
   3.5199997e-01
  -8.0000035e-02
   4.1999962e-02
  -1.1300004e-01
  -8.7000035e-02
   3.1499991e-01
   3.2799992e-01
   1.1999992e-01
   3.0099991e-01
   3.4899992e-01
   2.2199991e-01
   3.7399992e-01
   2.0399991e-01
   5.3499991e-01
   1.7199992e-01
   2.3399991e-01
   3.2000008e-01
   8.9000076e-02
   1.5200008e-01
   1.6600008e-01
   2.6500008e-01
   1.5100008e-01
   1.6800007e-01
   2.5200006e-01
   1.2400008e-01
   2.4000078e-02
   7.8000076e-02
   6.3700008e-01
   2.7300006e-01
   7.2000057e-02
   2.5400007e-01
   1.9100006e-01
   3.2300004e-01
   1.6800006e-01
   2.7000057e-02
   3.3900005e-01
   2.1800005e-01
   3.9200005e-01
   3.0099988e-01
   4.5899990e-01
   1.4599989e-01
   5.1999986e-01
   5.2599990e-01
   4.4699988e-01
   3.0599988e-01
   1.1499989e-01
   6.9299990e-01
   3.9499989e-01
   9.6999891e-02
   4.3799990e-01
   2.2299990e-01
   4.9799991e-01
   4.9699989e-01
   5.6999987e-01
   4.9399990e-01
   3.3099991e-01
   6.9999993e-01
   6.3099992e-01
   5.2399993e-01
   3.3599991e-01
  -7.4000098e-02
   8.2999900e-02
   4.2099991e-01
   1.9099990e-01
   8.0999903e-02
  -1.3700010e-01
   1.6499990e-01
   5.9999902e-02
   4.0999901e-02
   1.8899991e-01
   7.2599989e-01
  -2.2600009e-01
   1.7199992e-01
   1.4799991e-01
   2.1499991e-01
   1.3999991e-01
   5.4599988e-01
   2.9299992e-01
   6.5599990e-01
   3.3000001e-01
   1.8000001e-01
   2.8000000e-01
   2.1400000e-01
   4.0300000e-01
   4.9200001e-01
   1.6500001e-01
   2.6600000e-01
   4.7000000e-01
   4.2099991e-01
  -1.8900008e-01
   1.3099992e-01
   3.0199993e-01
   5.8099991e-01
   6.7299992e-01
   5.1999992e-01
   2.5499991e-01
   2.0200008e-01
   1.8400009e-01
   2.8200009e-01
   1.7100008e-01
   4.6000086e-02
   3.6400008e-01
   1.5600008e-01
   1.8200009e-01
  -3.6799991e-01
  -1.0099995e-01
   1.1700004e-01
   2.1500005e-01
   9.7000048e-02
   2.8900003e-01
   2.0800005e-01
   2.3300004e-01
   2.5500005e-01
   1.0800005e-01
   1.2400004e-01
  -3.0999994e-01
   4.1700006e-01
   6.4000040e-02
   2.8700003e-01
   2.9900005e-01
   3.9900005e-01
   5.5900002e-01
   2.4300005e-01
   2.2499989e-01
   2.6099989e-01
   1.5299989e-01
   5.5099988e-01
   5.2999991e-01
   2.7599990e-01
   4.4899988e-01
   4.1799989e-01
   2.4299990e-01
   1.3200007e-01
   3.4500006e-01
   4.6200007e-01
   2.4100007e-01
   1.8800007e-01
  -2.4999933e-02
   4.0100005e-01
   4.3800005e-01
  -3.9999932e-02
   9.8000020e-02
   1.0000190e-03
   6.9000021e-02
   8.2000017e-02
   1.2100002e-01
   3.9700001e-01
   2.2300002e-01
   1.2200002e-01
   1.4900002e-01
   3.0500001e-01
   4.3899995e-01
   4.6199995e-01
   4.8699993e-01
   4.8999943e-02
   2.5099996e-01
   3.0699995e-01
   2.7899995e-01
   5.1999992e-01
   6.4499992e-01
   6.4699996e-01
   8.0000050e-02
   4.4200006e-01
   3.3600006e-01
   3.2900006e-01
  -2.9999486e-03
   2.8800005e-01
   2.6100004e-01
   4.8300004e-01
   4.9400005e-01
   5.4000008e-01
   1.8699989e-01
   3.6499989e-01
   1.2099988e-01
  -2.2600012e-01
   1.5999882e-02
   1.4799988e-01
  -8.6000115e-02
   1.0399988e-01
   4.0999882e-02
   1.4000002e-01
   3.3500001e-01
  -1.8799998e-01
   6.0000154e-03
   8.3000012e-02
  -2.0999998e-01
   1.6000016e-02
   5.8000017e-02
   3.7100002e-01
   2.7100003e-01
   2.1700002e-01
   4.6800002e-01
   4.1100001e-01
   4.9600002e-01
   4.0400001e-01
   1.3900001e-01
   5.2300000e-01
   5.6600004e-01
   2.2399990e-01
   1.4999907e-02
   1.8999991e-01
   2.2599991e-01
  -9.6000090e-02
   2.1399991e-01
   2.7499992e-01
   2.8999990e-01
  -2.2000093e-02
   2.1000054e-02
  -1.6799995e-01
  -1.8199995e-01
   2.8200006e-01
  -1.5499994e-01
  -2.4799995e-01
  -1.5199995e-01
  -1.5899995e-01
   1.5500006e-01
   1.4800005e-01
   3.4400004e-01
   1.6400005e-01
   3.5200006e-01
   9.3000047e-02
   9.0000048e-02
   1.1000005e-01
   1.4700004e-01
   2.1800005e-01
   5.3700006e-01
   2.8700006e-01
  -5.1999949e-02
  -2.3899995e-01
   1.4000005e-01
   2.2700006e-01
  -1.8099995e-01
   1.0100005e-01
  -4.9999487e-03
  -3.4799996e-01
  -2.7999951e-02
   8.0000497e-03
   7.1000047e-02
   1.7500006e-01
   4.3000050e-02
   7.2000049e-02
   5.4000050e-02
  -8.3999947e-02
   2.7300006e-01
  -4.4999976e-02
   3.9100003e-01
   2.0500003e-01
   2.2400002e-01
  -2.0499997e-01
  -2.0899998e-01
   3.3000026e-02
  -2.9599997e-01
  -4.2899996e-01
  -3.2299998e-01
   4.9999941e-02
  -5.7000060e-02
  -5.4000057e-02
   1.7799994e-01
   4.0499994e-01
   3.1899995e-01
   2.4399994e-01
  -3.8900006e-01
   4.6999943e-02
   4.3999994e-01
   1.6199994e-01
   5.4000042e-02
  -1.1399996e-01
   9.0000041e-02
   1.7900005e-01
  -8.6999953e-02
  -9.7999953e-02
   8.5000046e-02
  -1.2299996e-01
   4.3000042e-02
  -1.1599996e-01
  -9.5999956e-02
  -8.8999957e-02
   5.7999961e-02
   4.8999995e-01
  -1.3400003e-01
   2.4099997e-01
   1.5399995e-01
   3.9099997e-01
   1.5299997e-01
   2.2499996e-01
   1.0999960e-02
   1.4799996e-01
  -5.2000038e-02
  -1.4900003e-01
   4.2400002e-01
   4.4800001e-01
   3.1600001e-01
   4.4800001e-01
   7.1000025e-02
  -1.3399997e-01
   3.9000002e-01
   3.3000022e-02
   1.4900002e-01
  -1.0499997e-01
  -2.8999999e-01
   2.2888184e-08
  -3.6999963e-02
   1.3700004e-01
  -1.1599996e-01
   3.4600005e-01
   7.1000040e-02
   3.3400005e-01
   4.4000037e-02
  -1.6599996e-01
   3.4000003e-01
  -2.8999962e-02
   1.4600004e-01
   3.6000004e-01
   3.0499998e-01
   1.8499997e-01
   5.5899996e-01
   3.3299997e-01
   1.8399997e-01
   4.1599998e-01
   1.7799997e-01
   9.9999979e-02
  -3.0000024e-02
  -2.6400003e-01
   7.1999975e-02
  -2.9600003e-01
   7.5999893e-02
   1.3499990e-01
   3.1499991e-01
   2.2299990e-01
   2.3599990e-01
   2.3099990e-01
   2.8199989e-01
   1.4299990e-01
   1.7799990e-01
   4.1899988e-01
   5.0199991e-01
   4.9399990e-01
   1.5399997e-01
   2.5699997e-01
   2.6999967e-02
   2.9199997e-01
   3.7099996e-01
   3.8399997e-01
   1.8699996e-01
   2.5699997e-01
   6.0999995e-01
   3.2399997e-01
   1.2599997e-01
   3.4399998e-01
   2.2799997e-01
   9.2999965e-02
   4.5799997e-01
   3.7399995e-01
   1.9999675e-03
   6.1999995e-01
   4.0299997e-01
   2.7199996e-01
   1.9299997e-01
  -3.1000033e-02
  -2.8000033e-02
   1.4499997e-01
   1.9099988e-01
   3.0999886e-02
   1.3699989e-01
  -4.3000113e-02
   4.2999886e-02
  -7.6000117e-02
   2.0399989e-01
   6.8999887e-02
   4.9499989e-01
   1.4399989e-01
  -3.7200013e-01
   1.5999885e-02
   2.6299995e-01
   7.9999501e-03
   1.3099995e-01
  -9.7000048e-02
  -3.5700005e-01
  -3.5500005e-01
  -5.1000051e-02
  -1.2200005e-01
  -7.8000046e-02
  -2.3600005e-01
  -3.5000005e-01
  -2.8000049e-02
  -8.9999966e-02
  -1.7999968e-02
   1.4400004e-01
   2.9400003e-01
   4.9000032e-02
   8.2000032e-02
  -1.6999997e-01
  -1.8099996e-01
  -1.1499996e-01
   7.1000032e-02
  -6.0999967e-02
  -7.0000039e-03
   2.9999996e-02
   5.4999996e-02
  -1.0100000e-01
  -1.5600000e-01
  -3.3200002e-01
  -1.4900000e-01
  -3.9000005e-02
  -5.1999998e-01
  -2.6800001e-01
   3.9999995e-02
  -1.9200009e-01
  -8.3000094e-02
   1.0099990e-01
   1.8699990e-01
  -1.6300009e-01
  -5.7000097e-02
  -4.6000097e-02
  -1.2100010e-01
  -7.2000094e-02
   1.1699990e-01
  -3.0000973e-03
   1.9499995e-01
  -5.0000049e-02
  -1.4900005e-01
   5.8299994e-01
   5.3499997e-01
   2.9099995e-01
   5.6399995e-01
  -2.5200006e-01
   1.0099995e-01
   1.3699995e-01
   6.0099995e-01
   2.2099994e-01
   2.6399994e-01
   1.0299995e-01
   5.7999950e-02
  -3.6900005e-01
   1.9999949e-02
  -2.9000051e-02
  -2.1200006e-01
  -5.5000052e-02
  -5.6999903e-02
   7.6000094e-02
   7.5000092e-02
  -1.8399991e-01
   2.2000095e-02
   1.4700009e-01
   2.8000096e-02
   4.2900011e-01
  -2.6999904e-02
   1.1700010e-01
  -1.9999046e-03
   1.1699996e-01
  -7.6000035e-02
   1.7999962e-02
  -1.1000004e-01
   9.6999958e-02
  -1.0600004e-01
  -5.6000039e-02
  -1.4600004e-01
   1.2199996e-01
  -5.1000036e-02
  -4.6500003e-01
  -6.6000037e-02
  -2.6400003e-01
   1.7499997e-01
  -1.6000038e-02
  -4.0000384e-03
  -3.8000040e-02
  -1.2800004e-01
   4.9999963e-02
  -1.7400004e-01
  -7.0500004e-01
   1.7399999e-01
  -7.5000010e-02
   1.8599999e-01
   3.1999994e-02
  -1.0000076e-03
   3.2999998e-01
  -4.8000008e-02
   1.1900000e-01
  -4.2000007e-02
  -3.1600001e-01
   4.4100007e-01
   1.5300007e-01
   2.2100008e-01
  -1.3999932e-02
  -1.6999932e-02
   8.5000068e-02
   8.8000067e-02
   6.5000072e-02
   4.4600007e-01
   9.3000069e-02
  -4.1999895e-02
   1.8400010e-01
   4.5800009e-01
   2.0700011e-01
   8.0001047e-03
   2.4800010e-01
  -4.9998951e-03
   2.5100011e-01
   9.8000102e-02
   3.3600011e-01
  -1.6000001e-01
   1.5099999e-01
  -2.4900001e-01
  -8.5000008e-02
  -1.3200001e-01
  -1.5400001e-01
  -9.3000010e-02
   2.9999905e-03
   3.6499998e-01
   2.8699991e-01
  -1.0000897e-03
  -1.3200009e-01
  -1.6600008e-01
  -6.0000088e-02
   2.7999910e-02
   2.8799990e-01
  -3.0000897e-03
   4.4999990e-01
   4.6200007e-01
  -5.5999927e-02
   3.2000008e-01
  -1.0999992e-01
  -3.6399993e-01
   1.1800008e-01
   3.2500008e-01
   4.5000008e-01
   3.7400007e-01
   2.8699991e-01
   3.7899992e-01
   6.7199993e-01
   3.1399992e-01
   3.3699992e-01
   3.4899992e-01
   4.1399992e-01
   4.8099992e-01
   6.4999923e-02
   3.0999991e-01
   6.6000044e-02
   3.9000046e-02
   2.5000043e-02
  -1.2999995e-01
   1.0300004e-01
  -1.1999995e-01
  -5.9999958e-02
   9.5000044e-02
   2.2300005e-01
  -1.9599998e-01
  -3.4999982e-02
   2.0000016e-02
  -4.8999984e-02
   1.9400002e-01
   1.0100002e-01
   1.3300002e-01
  -9.5999986e-02
  -2.1999983e-02
   2.4400002e-01
   3.8199997e-01
   5.9999969e-02
   1.1799997e-01
  -1.9000033e-02
  -1.4400004e-01
   1.6899997e-01
   5.2999966e-02
   2.0199996e-01
  -1.3700004e-01
  -3.6400002e-01
   1.3399997e-01
   1.5299998e-01
   2.0299998e-01
   1.7199998e-01
   2.5599998e-01
   1.8599997e-01
   8.2999982e-02
   1.4899997e-01
   5.5599999e-01
   8.1999980e-02
   1.4900011e-01
  -1.5299989e-01
  -1.8099989e-01
  -4.9998895e-03
  -1.2899989e-01
  -4.9999889e-02
   1.4600012e-01
   1.9100010e-01
  -3.9999989e-01
   1.5100011e-01
   1.5099990e-01
   1.4499989e-01
   1.9199990e-01
   1.5399989e-01
  -2.0900010e-01
   2.7999898e-02
  -9.0001011e-03
  -2.7700010e-01
   3.2999899e-02
  -6.4000100e-02
   9.4999917e-02
   2.4299991e-01
  -1.0000084e-02
   3.4599993e-01
  -1.7800008e-01
  -7.2000086e-02
   1.5399991e-01
   4.0599993e-01
   1.5699992e-01
   7.2999917e-02
  -2.0600009e-01
   3.5900006e-01
   2.9100007e-01
   1.7000057e-02
   3.3000056e-02
   3.8900006e-01
   1.1800006e-01
   1.9400005e-01
  -6.7999944e-02
   4.1300005e-01
   1.7000057e-02
   3.2900000e-01
   3.7400001e-01
   2.1200000e-01
  -1.3200000e-01
  -1.8000001e-01
  -2.9400000e-01
  -4.8899999e-01
  -4.0000003e-02
  -1.3900000e-01
   3.8999997e-02
   3.6400005e-01
   1.4200005e-01
   5.1200002e-01
   1.6300005e-01
   3.7000003e-01
  -1.2799996e-01
   1.6500005e-01
   1.4400004e-01
   8.1000045e-02
   3.2500005e-01
  -1.0999998e-01
  -8.5999973e-02
   3.0100003e-01
  -3.3099997e-01
  -2.1699998e-01
   6.1000023e-02
  -1.1799998e-01
   1.1000002e-01
  -3.8999999e-01
  -4.0999997e-01
   3.2600009e-01
   4.8000094e-02
   2.1700010e-01
   1.1400010e-01
  -1.7399991e-01
   7.4000090e-02
   1.5500009e-01
  -4.9999908e-02
  -1.4699991e-01
   3.4000095e-02
  -2.1700001e-01
  -7.3000006e-02
   1.2400000e-01
  -1.2400001e-01
   7.1999997e-02
   2.7100000e-01
  -2.8000005e-02
   2.7999995e-02
   1.4500000e-01
   1.5200000e-01
  -3.2000005e-02
   4.4000059e-02
   1.0800006e-01
   1.4700006e-01
  -1.3999939e-02
   1.1400006e-01
  -3.1999938e-02
   4.4000006e-01
   1.1000006e-01
   1.9900006e-01
   8.9000061e-02
  -1.0899994e-01
   2.8300011e-01
  -4.5999888e-02
   2.1100011e-01
   2.1300010e-01
   2.0400012e-01
   2.3600011e-01
   4.3500012e-01
   2.9900011e-01
   4.3300012e-01
   4.6600011e-01
   2.4200012e-01
   1.8999999e-02
  -1.2100000e-01
  -3.1400001e-01
  -6.4000003e-02
  -9.7000003e-02
  -2.1300000e-01
  -1.0200000e-01
  -1.3699999e-01
  -2.5600001e-01
  -5.7000000e-02
  -2.5799999e-01
  -4.0700004e-01
  -5.5000007e-01
  -1.1000044e-02
  -6.2000044e-02
  -4.6700004e-01
  -1.6200005e-01
   1.6999956e-02
  -4.1700006e-01
   1.4599995e-01
   3.9999560e-03
   3.2000031e-02
   1.7400002e-01
  -1.1499997e-01
  -4.8199996e-01
  -2.9099998e-01
  -4.2999968e-02
   7.8000031e-02
  -2.2999997e-01
  -3.2699996e-01
  -2.9399997e-01
   3.1000003e-01
  -3.9999657e-03
   1.4800003e-01
   1.5700004e-01
  -7.3999964e-02
   1.9500004e-01
  -1.0999965e-02
  -8.5999966e-02
  -3.6799997e-01
  -2.1499996e-01
   7.7000037e-02
   2.4299996e-01
   2.5999952e-02
   7.9999954e-02
  -4.8637389e-08
  -7.0000045e-02
  -2.6800004e-01
  -1.7700005e-01
  -2.9600006e-01
   3.7999950e-02
  -1.4700004e-01
   1.1499995e-01
   3.4700000e-01
   2.9100001e-01
   2.0300001e-01
   2.0600000e-01
   1.9900000e-01
   3.7000004e-02
  -6.4999998e-02
  -2.2900000e-01
  -1.3499999e-01
  -9.9999961e-03
  -2.8999995e-02
   4.3100002e-01
  -3.1999972e-02
  -1.8299997e-01
   1.5700004e-01
   1.2300003e-01
   2.2200003e-01
   1.8000002e-01
   4.2300004e-01
   2.5400004e-01
   3.2800004e-01
   7.6000027e-02
   3.7199998e-01
   3.1499997e-01
   3.0999997e-01
   3.0999966e-02
   1.0699996e-01
   1.4199996e-01
   2.1299997e-01
   3.4399995e-01
   3.6099997e-01
   2.0199996e-01
   4.3699998e-01
   2.7000004e-01
   4.1000003e-01
   1.8300004e-01
   3.0700004e-01
   4.3600005e-01
   2.5100005e-01
   4.5600003e-01
   5.0900006e-01
   3.3000004e-01
   3.2000039e-02
  -2.6299995e-01
   3.2800004e-01
   2.4900004e-01
   1.8200004e-01
   4.8000045e-02
   1.4700004e-01
   1.9600004e-01
   3.0200005e-01
   2.3500004e-01
   2.0700005e-01
   1.1000046e-02
  -2.0499995e-01
   1.9000029e-02
  -1.5399997e-01
  -1.5999971e-02
  -6.5999970e-02
   6.4200002e-01
   2.8000029e-02
   1.2000003e-01
  -2.5399998e-01
   3.0600002e-01
   1.3600002e-01
  -8.7999970e-02
   1.0399996e-01
   3.8799995e-01
   4.1899997e-01
   3.2299995e-01
  -1.5600003e-01
  -2.9200003e-01
  -5.3800005e-01
  -3.8500005e-01
   5.9999600e-03
  -2.5400004e-01
  -3.2400003e-01
   2.1400003e-01
   2.6800004e-01
   8.0000302e-03
  -1.5499997e-01
  -2.4299997e-01
  -4.8399997e-01
  -1.3299997e-01
  -1.7099997e-01
   3.7000027e-02
   1.1900003e-01
   2.0300002e-01
   9.3000025e-02
   8.1000030e-02
   9.1000028e-02
   1.8000027e-02
   4.5899996e-01
  -9.1000028e-02
   4.3499997e-01
   2.7399996e-01
   2.6799998e-01
   1.2599997e-01
   3.6999967e-02
   1.7999996e-01
   2.9799995e-01
   2.1499996e-01
   1.6699995e-01
   4.1999955e-02
   3.2199997e-01
  -2.0000439e-03
