   9.2999987e-02
   1.6299999e-01
   6.3999988e-02
   2.8500000e-01
   2.0299999e-01
   8.6999990e-02
   7.2999984e-02
  -7.1000010e-02
   2.7500001e-01
   6.9999984e-03
   5.8700001e-01
   2.3300000e-01
   2.3500000e-01
   1.0500000e-01
  -7.0000000e-02
  -1.4700000e-01
   3.3399999e-01
   3.2499999e-01
   1.1000000e-01
   2.8700000e-01
   2.9100001e-01
   5.3100002e-01
   2.4300000e-01
   1.6700000e-01
   5.3600001e-01
  -9.0999998e-02
   4.2100000e-01
   4.0000011e-03
   2.5500000e-01
  -5.7999998e-02
   1.2900001e-01
   3.4000002e-02
   1.6699998e-01
   1.7999988e-02
   4.1299999e-01
   3.9800000e-01
   7.5999990e-02
   5.9999987e-02
   2.7999988e-02
  -5.7000011e-02
   4.1700000e-01
   2.5900000e-01
   5.9299999e-01
   1.8800001e-01
   1.8300001e-01
   1.1300001e-01
  -1.5599999e-01
  -9.3999989e-02
   3.1200001e-01
   2.8500000e-01
   2.9800001e-01
   3.4700000e-01
   4.0799999e-01
   2.6699999e-01
   4.1000005e-02
   6.2000003e-02
   2.5400001e-01
   6.3900000e-01
   5.3000022e-02
   2.3300003e-01
   4.6000022e-02
   1.1000021e-02
   1.1400002e-01
   3.2500002e-01
   5.5400002e-01
   3.4000000e-01
   3.0599999e-01
   3.1299999e-01
   2.9999928e-03
   2.0299999e-01
  -1.3000007e-02
   3.0599999e-01
   5.0699997e-01
   5.3999990e-02
   4.8299998e-01
  -1.6800001e-01
   1.8799999e-01
   4.5199999e-01
   1.6999999e-01
  -8.7000012e-02
   1.4200000e-01
   4.0300000e-01
   3.9600000e-01
   1.7300001e-01
  -1.8300000e-01
   3.7200001e-01
   8.6000003e-02
  -4.5999996e-02
   4.8100001e-01
   5.0000045e-03
   5.7700002e-01
   4.1100001e-01
   1.9700001e-01
   1.6800000e-01
   2.1000001e-01
   2.2000005e-02
   1.0900003e-01
   3.5700002e-01
   2.9800004e-01
   4.0500003e-01
  -3.6999967e-02
   2.3000034e-02
   4.7100005e-01
   1.9000033e-02
   3.9100003e-01
   1.8900003e-01
  -1.3499998e-01
   1.6500002e-01
   1.1900003e-01
  -1.3399997e-01
   1.9400002e-01
   3.0799994e-01
   2.7299994e-01
   2.9199994e-01
   1.5399994e-01
  -4.4000056e-02
   1.3599995e-01
   8.4999949e-02
   2.8799996e-01
   3.0899996e-01
   1.8300001e-01
   1.0600001e-01
   8.4000014e-02
   1.8900001e-01
  -1.2799999e-01
  -2.3799999e-01
   3.3000015e-02
   3.1100002e-01
   3.1100002e-01
   3.0000053e-02
   1.1900005e-01
   4.8000005e-01
   4.3000007e-01
   2.0600006e-01
   4.6600005e-01
   1.9600005e-01
   3.4100005e-01
   2.9500005e-01
   4.9299997e-01
   1.0699996e-01
   2.0599997e-01
   3.3599997e-01
   4.7999967e-02
   2.6299995e-01
  -8.3000034e-02
   9.2999965e-02
  -1.5200004e-01
   4.3199998e-01
   5.2899998e-01
   4.2199996e-01
   2.2399996e-01
   1.0199997e-01
   2.2999967e-02
   3.2299995e-01
   3.6699995e-01
   1.5299997e-01
   1.3799994e-01
   2.3499994e-01
  -3.9000060e-02
   4.9799994e-01
   6.5199995e-01
   5.8599997e-01
   6.8699992e-01
   2.5199994e-01
   2.3199993e-01
   5.3499997e-01
   3.5699996e-01
  -2.0000276e-03
   4.8099998e-01
   2.7499998e-01
   3.0199999e-01
   3.3699998e-01
   1.2699997e-01
   1.1599997e-01
   3.0799997e-01
   3.5800001e-01
   5.2500004e-01
   6.1199999e-01
   2.7800000e-01
   1.8600000e-01
   3.2600001e-01
   5.1499999e-01
   1.7600001e-01
   4.1900000e-01
   4.0200001e-01
   5.3500003e-01
   4.5500001e-01
   2.1300000e-01
   3.8999999e-01
   8.5000001e-02
   3.5499999e-01
   1.7000000e-01
   3.2900000e-01
   3.2699999e-01
   5.3799999e-01
   2.8800005e-01
   4.6600005e-01
   2.9300004e-01
   4.5300007e-01
   3.1000006e-01
   4.7000006e-01
   3.5400006e-01
   6.1600006e-01
   3.3700007e-01
   2.6600006e-01
   2.4599999e-01
   4.0599999e-01
   2.0999999e-01
   3.7300000e-01
   4.3999989e-02
   4.0099999e-01
   3.8999990e-02
   2.4599999e-01
   2.5199997e-01
   6.6899997e-01
   7.5399995e-01
   3.5399994e-01
   1.9799994e-01
   5.0199997e-01
   3.5899994e-01
   4.3299994e-01
   5.5499995e-01
   5.4999995e-01
   3.4299994e-01
   3.2799995e-01
   5.8099997e-01
   4.8999995e-01
   2.6199996e-01
   3.8399997e-01
   5.4999995e-01
   3.8799995e-01
   4.1399997e-01
   4.6499997e-01
   6.2799996e-01
   3.6099997e-01
   2.4600004e-01
   3.8200003e-01
   6.9100004e-01
   1.9800004e-01
   3.2600003e-01
   4.4600004e-01
   3.7100005e-01
   1.9400004e-01
   4.1000003e-01
   6.9200003e-01
   1.6500007e-01
   4.9900007e-01
   5.6700003e-01
   6.9000006e-01
   4.6600005e-01
   6.1500007e-01
   4.3400005e-01
   7.3900008e-01
   4.8200005e-01
   4.8600006e-01
   4.3900001e-01
   3.6800003e-01
   3.4300002e-01
   3.7000003e-01
   3.8000003e-01
   1.5600002e-01
   2.6500002e-01
   4.4600001e-01
   3.8600001e-01
   2.3500003e-01
   2.4199998e-01
   8.0399996e-01
   6.7100000e-01
   5.9899998e-01
   6.2399995e-01
   5.0900000e-01
   9.4000000e-01
   6.9199997e-01
   3.6999997e-01
   4.0899995e-01
   4.7099996e-01
   4.4999993e-01
   6.5599996e-01
   3.6799994e-01
   4.9699995e-01
   4.0599993e-01
   4.4299993e-01
   4.5599994e-01
   5.7899994e-01
   7.5399995e-01
   5.9799993e-01
   9.3599993e-01
   7.1599996e-01
   3.6099994e-01
   7.1299994e-01
   7.5599992e-01
   7.2699994e-01
   8.4600008e-01
   5.7900012e-01
   3.5000011e-01
   7.3400009e-01
   6.0000008e-01
   6.5000010e-01
   7.7200013e-01
   4.7500011e-01
   5.0500011e-01
   9.5900011e-01
   6.0500008e-01
   5.6100011e-01
   8.2700008e-01
   6.4100009e-01
   4.1700009e-01
   9.7100008e-01
   6.0700005e-01
   6.6700006e-01
   4.6500009e-01
   3.0700007e-01
   6.6000009e-01
   6.8400007e-01
   3.9100009e-01
   7.5700009e-01
   4.4600010e-01
   3.9500010e-01
   6.7200011e-01
   7.5000012e-01
   4.2100009e-01
   5.2300012e-01
   4.0899995e-01
   5.3099996e-01
   6.9799995e-01
   6.2499994e-01
   3.8799995e-01
   5.3799993e-01
   7.9899997e-01
   3.4399995e-01
   5.3599995e-01
   3.7399995e-01
   7.0200002e-01
   8.3000004e-01
   7.5200003e-01
   6.2300003e-01
   5.8400005e-01
   5.1400006e-01
   6.7600006e-01
   3.5300004e-01
   3.8800004e-01
   1.3700005e-01
   2.4200004e-01
   7.5000000e-01
   2.0299998e-01
   4.0799999e-01
   4.9499997e-01
   5.7400000e-01
   5.0000000e-01
   3.8699999e-01
   6.6999996e-01
   5.5900002e-01
   4.7199997e-01
   2.8700000e-01
   2.4799994e-01
   7.4399996e-01
   4.9699992e-01
   2.3999994e-01
   4.6999994e-01
   3.4399992e-01
   7.1499991e-01
   6.5999991e-01
   3.1299993e-01
   7.0499992e-01
   6.7099994e-01
   6.7899996e-01
   4.8399994e-01
   1.8199994e-01
   4.3499994e-01
   7.3499995e-01
   3.8799995e-01
   6.8999994e-01
   7.0999992e-01
   3.8599995e-01
   7.7699995e-01
   9.2599994e-01
   6.0999995e-01
   5.4599994e-01
   4.8199996e-01
   5.9099996e-01
   4.8299995e-01
   8.4199995e-01
   5.9099996e-01
   7.4299997e-01
   3.6999995e-01
   4.8699996e-01
   7.2099996e-01
   7.3699993e-01
   5.8099991e-01
   1.1319999e+00
   7.1499991e-01
   6.8599987e-01
   7.8699988e-01
   3.7799990e-01
   5.5999988e-01
   8.6799991e-01
   4.3599990e-01
   6.6599989e-01
   6.4099991e-01
   4.3899989e-01
   4.1200003e-01
   4.5500001e-01
   6.3900000e-01
   4.8100001e-01
   4.8400003e-01
   4.9000001e-01
   7.7500004e-01
   4.6100003e-01
   1.7300002e-01
   6.9800001e-01
   4.4500002e-01
   7.3500001e-01
   5.2200001e-01
   6.8400007e-01
   7.5500011e-01
   4.8300010e-01
   2.9300010e-01
   5.9400010e-01
   3.6200011e-01
   6.6200012e-01
   5.6100011e-01
   9.1200012e-01
   5.2100009e-01
   9.8300010e-01
   6.5800011e-01
   7.2600007e-01
   6.3499999e-01
   6.6400003e-01
   1.9500001e-01
   5.2100003e-01
   2.4800001e-01
   7.5999999e-01
   7.6800001e-01
   5.7100004e-01
   3.7600002e-01
   4.1800001e-01
   1.7600001e-01
   2.7700001e-01
   6.2599999e-01
   5.5300003e-01
   9.6200013e-01
   4.6000010e-01
   8.2300013e-01
   3.4400010e-01
   8.1200010e-01
   5.5100012e-01
   6.8200010e-01
   6.4000010e-01
   8.7900013e-01
   8.6100012e-01
   8.7600011e-01
   6.2000012e-01
   6.7400008e-01
   6.6800010e-01
   8.8999999e-01
   5.1300001e-01
   4.1099998e-01
   6.1699998e-01
   5.0099999e-01
   1.0189999e+00
   4.6300000e-01
   5.1199996e-01
   5.6500000e-01
   7.0699996e-01
   7.7199996e-01
   6.0600001e-01
   6.4800000e-01
   5.9200001e-01
   8.4300005e-01
   8.1500006e-01
   2.8700003e-01
   5.7700002e-01
   5.0300002e-01
   7.7200001e-01
   4.0300003e-01
   5.9700000e-01
  -2.3999970e-02
   6.6400003e-01
   6.2600005e-01
   6.2000000e-01
   4.0500003e-01
   4.9700004e-01
   6.2699997e-01
   4.4600001e-01
   5.4200000e-01
   7.6999998e-01
   6.0799998e-01
   7.7399999e-01
   7.3000002e-01
   9.6399999e-01
   6.0200000e-01
   6.9800001e-01
   7.0499998e-01
   7.3100001e-01
   7.6499999e-01
   8.9099997e-01
   7.4100000e-01
   9.0899992e-01
   7.0399994e-01
   7.0999992e-01
   8.1799996e-01
   8.5499996e-01
   8.1199992e-01
   8.5799992e-01
   6.5399992e-01
   6.7899996e-01
   6.8099993e-01
   3.5699993e-01
   9.6699995e-01
   9.4799995e-01
   7.1899992e-01
   7.5399995e-01
   8.3499998e-01
   7.1999997e-01
   6.4899993e-01
   5.6299996e-01
   5.1599997e-01
   6.1399996e-01
   7.2899997e-01
   5.9699994e-01
   3.5799995e-01
   6.0099995e-01
   3.8699996e-01
   5.0199997e-01
   2.3499995e-01
   6.5899998e-01
   8.0899996e-01
   5.4899997e-01
   6.2799996e-01
   5.8699995e-01
   4.2399994e-01
   5.3199995e-01
   4.9199995e-01
   8.4699994e-01
   8.3299994e-01
   7.2199994e-01
   8.8299996e-01
   9.0299994e-01
   7.4699992e-01
   6.2999994e-01
   6.2800008e-01
   5.0600004e-01
   8.1100005e-01
   4.5000008e-01
   6.2900007e-01
   9.2500007e-01
   4.9400008e-01
   6.7300004e-01
   6.0600007e-01
   5.3300005e-01
   5.2000004e-01
   6.5900004e-01
   6.9500005e-01
   4.8200005e-01
   7.8000009e-01
   9.9500000e-01
   9.9800003e-01
   6.8600005e-01
   3.8200003e-01
   9.6600002e-01
   7.5600004e-01
   9.7800004e-01
   4.1800004e-01
   9.8100001e-01
   9.8400003e-01
   7.5200003e-01
   7.8000003e-01
   8.6300004e-01
   7.3000002e-01
   4.6000004e-01
   1.0200001e+00
   8.2700002e-01
   8.5900003e-01
   9.5500004e-01
   1.1070000e+00
   9.5500004e-01
   6.2500006e-01
   8.1300002e-01
   7.8300005e-01
   8.1800002e-01
   8.8200003e-01
   9.7800004e-01
   1.0060000e+00
   8.0900007e-01
   7.5499994e-01
   9.6699995e-01
   9.5099998e-01
   1.0740000e+00
   9.4799995e-01
   1.2079999e+00
   1.0860000e+00
   9.4599998e-01
   7.2399998e-01
   1.0630000e+00
   7.3699993e-01
   7.3999995e-01
   9.1399997e-01
   6.4799994e-01
   7.2399998e-01
   7.6099992e-01
   8.0899990e-01
   8.8999993e-01
   9.8099995e-01
   7.0199990e-01
   5.8199990e-01
   5.3599995e-01
   9.3999994e-01
   3.9499992e-01
   9.9599993e-01
   7.8799993e-01
   7.8399992e-01
   8.7399995e-01
   7.2599995e-01
   9.1200006e-01
   1.1690000e+00
   1.0730001e+00
   9.4100004e-01
   1.0380001e+00
   9.7400004e-01
   1.1580000e+00
   1.1130000e+00
   1.2100000e+00
   1.1490000e+00
   1.2620001e+00
   9.2900008e-01
   1.0910001e+00
   8.4600008e-01
   1.0840000e+00
   7.6700002e-01
   8.5600001e-01
   9.2000002e-01
   9.7700000e-01
   5.9400004e-01
   1.1730000e+00
   8.8700002e-01
   8.6300004e-01
   9.9200004e-01
   1.1750001e+00
   9.9599999e-01
   1.0700001e+00
   9.4900000e-01
   1.1569999e+00
   1.2330000e+00
   9.7500002e-01
   9.1299999e-01
   1.1860000e+00
   7.7600002e-01
   9.6100003e-01
   1.1500000e+00
   1.3020000e+00
   9.9800003e-01
   1.1260000e+00
   1.0670000e+00
   4.8899999e-01
   6.8799996e-01
   5.6299996e-01
   1.0610000e+00
   8.1899995e-01
   6.0499996e-01
   9.3799996e-01
   1.1690000e+00
   8.4399998e-01
   1.4540000e+00
   7.3799998e-01
   7.6099998e-01
   7.5299996e-01
   8.3199996e-01
   3.1899998e-01
   1.1300000e+00
   7.8899997e-01
   9.0799993e-01
   1.0050000e+00
   9.0399992e-01
   7.6299995e-01
   9.4899994e-01
   5.6799996e-01
   8.0799997e-01
   9.7099996e-01
   6.6999996e-01
   9.3799996e-01
   1.1949999e+00
   5.9699994e-01
   1.0369999e+00
   8.3599991e-01
   6.7299992e-01
   8.8699991e-01
   9.4799995e-01
   9.8799992e-01
   1.0730000e+00
   9.6699995e-01
   1.1079999e+00
   5.9999990e-01
   9.0699995e-01
   6.7499995e-01
   8.8199991e-01
   7.1799994e-01
   4.9699992e-01
   8.4700006e-01
   1.0740000e+00
   9.5000005e-01
   8.2300001e-01
   9.5600003e-01
   8.8400006e-01
   8.4900004e-01
   4.9900004e-01
   9.6700007e-01
   8.2700002e-01
   7.9000002e-01
   7.5600004e-01
   7.6400006e-01
   7.8100002e-01
   4.3300003e-01
   4.4300005e-01
   7.2699994e-01
   1.3499999e+00
   9.1699994e-01
   9.2399991e-01
   1.0089999e+00
   9.6699995e-01
   7.7699995e-01
   1.0089999e+00
   8.1199992e-01
   9.0399992e-01
   6.8299991e-01
   5.9299994e-01
   6.3699991e-01
   7.7999991e-01
   5.3699994e-01
   5.8699995e-01
   1.1240000e+00
   1.2559999e+00
   9.7899997e-01
   1.3170000e+00
   8.9499998e-01
   1.4140000e+00
   1.0039999e+00
   1.1640000e+00
   1.3800000e+00
   1.1700000e+00
   9.9000001e-01
   9.3799996e-01
   1.1220000e+00
   1.1209999e+00
   1.4720000e+00
   6.4300001e-01
   9.5899999e-01
   1.1129999e+00
   1.0899999e+00
   1.0919999e+00
   9.9799991e-01
   9.5799994e-01
   9.8999995e-01
   8.5699993e-01
   1.2169999e+00
   9.4999993e-01
   1.1370000e+00
   1.2319999e+00
   7.7199996e-01
   9.2399991e-01
   1.0059999e+00
   1.1399999e+00
   6.5599990e-01
   9.2199993e-01
   1.3230000e+00
   1.1309999e+00
   1.2759999e+00
   1.3189999e+00
   1.3219999e+00
   1.2909999e+00
   1.2539999e+00
   1.1960000e+00
   9.8700005e-01
   9.7400004e-01
   1.0070001e+00
   1.1770000e+00
   1.0690000e+00
   1.2110001e+00
   9.8400003e-01
   1.0440000e+00
   1.0870000e+00
   1.2140000e+00
   1.1740000e+00
   9.7600001e-01
   8.1400001e-01
   9.4700003e-01
   8.8200003e-01
   1.3230001e+00
   1.0610001e+00
   1.2820001e+00
   1.1630001e+00
   1.3040000e+00
   1.1330000e+00
   1.2300000e+00
   9.6899992e-01
   1.0619999e+00
   1.1059999e+00
   8.8899994e-01
   8.1199998e-01
   9.2599994e-01
   9.7399998e-01
   9.6299988e-01
   9.1199988e-01
   1.3249999e+00
   1.2349999e+00
   1.1869999e+00
   1.1489999e+00
   1.1039999e+00
   1.3979999e+00
   1.1499999e+00
   1.2059999e+00
   1.0339999e+00
   6.5299988e-01
   1.2529999e+00
   1.2059999e+00
   8.8499993e-01
   9.5599991e-01
   1.2110001e+00
   1.3110001e+00
   1.1430000e+00
   1.2970001e+00
   1.1140001e+00
   9.8800004e-01
   1.2540001e+00
   1.2530000e+00
   1.1280000e+00
   1.2340001e+00
   1.1760001e+00
   1.0910001e+00
   1.5120001e+00
   1.4130001e+00
   1.1380000e+00
   1.0810001e+00
   8.9500004e-01
   8.3000004e-01
   9.8400009e-01
   1.0800000e+00
   9.3200004e-01
   9.5800006e-01
   8.8200009e-01
   9.6100008e-01
   1.1940000e+00
   1.2910000e+00
   1.1460000e+00
   1.3150001e+00
   1.1450001e+00
   1.1580000e+00
   1.1430000e+00
   1.1939999e+00
   1.0189999e+00
   1.0330000e+00
   1.0799999e+00
   1.2370000e+00
   1.0159999e+00
   1.1279999e+00
   1.3410001e+00
   1.4430001e+00
   1.2740002e+00
   1.2720001e+00
   1.3250002e+00
   1.2440001e+00
   9.8900008e-01
   1.2540001e+00
   9.3600011e-01
   7.8300011e-01
   1.2750001e+00
   9.3800008e-01
   1.0610001e+00
   1.1520001e+00
   9.7200012e-01
   1.3850001e+00
   1.0950000e+00
   1.5030000e+00
   1.2610000e+00
   1.1860001e+00
   1.2960000e+00
   1.3120000e+00
   1.3790001e+00
   1.3690001e+00
   1.3270000e+00
   1.1980001e+00
   1.2600001e+00
   1.3340001e+00
   1.3930000e+00
   1.2010001e+00
   1.4890000e+00
   1.5570000e+00
   1.2919999e+00
   1.5000000e+00
   1.2079999e+00
   7.8499997e-01
   1.2440000e+00
   1.1389999e+00
   1.2720000e+00
   1.4250000e+00
   1.1580000e+00
   1.2950000e+00
   8.4399998e-01
   1.2220000e+00
   1.5220000e+00
   1.1799999e+00
   1.0739999e+00
   9.3799990e-01
   9.5299989e-01
   1.2279999e+00
   9.5199990e-01
   9.3199992e-01
   1.4250000e+00
   1.0239999e+00
   1.0519999e+00
   1.1259999e+00
   9.7299993e-01
   1.3059999e+00
   1.1079999e+00
   7.6299989e-01
   1.2700001e+00
   1.2950001e+00
   1.3340001e+00
   1.3880000e+00
   1.5620000e+00
   1.3580000e+00
   1.4610001e+00
   1.5220001e+00
   1.5010000e+00
   1.4940001e+00
   1.0280001e+00
   1.6150000e+00
   1.3900001e+00
   1.4350001e+00
   1.2630000e+00
   1.4419999e+00
   1.4180000e+00
   1.5380000e+00
   1.3080000e+00
   1.1949999e+00
   1.2759999e+00
   1.2260000e+00
   1.5239999e+00
   1.3369999e+00
   1.2479999e+00
   1.3180000e+00
   1.3909999e+00
   1.5350000e+00
   8.1799996e-01
   1.1799999e+00
   1.2509999e+00
   1.5619999e+00
   1.5359999e+00
   1.3519999e+00
   1.3159999e+00
   1.1739999e+00
   1.4999999e+00
   1.5769999e+00
   1.5019999e+00
   1.7199999e+00
   1.5479999e+00
   1.3869998e+00
   1.5519999e+00
   1.6420000e+00
   1.4239999e+00
   1.5500000e+00
   1.2290000e+00
   1.3320000e+00
   1.5860000e+00
   1.3590000e+00
   1.7340000e+00
   1.6569999e+00
   1.6389999e+00
   1.6790000e+00
   1.8329999e+00
   1.6330000e+00
   1.7739999e+00
   1.2930000e+00
   1.7340000e+00
   1.3000000e+00
   1.1669999e+00
   1.8460001e+00
   1.3720000e+00
   1.2640001e+00
   1.1450000e+00
   1.2100000e+00
   1.6470001e+00
   1.3260000e+00
   1.1310000e+00
   1.2920001e+00
   1.1490000e+00
   1.3020000e+00
   1.1110001e+00
   1.3610001e+00
   1.2340000e+00
   1.1780000e+00
   1.4240000e+00
   1.2520001e+00
   1.4150001e+00
   1.4940001e+00
   1.7250000e+00
   1.4220001e+00
   1.6100000e+00
   1.7590001e+00
   1.3080001e+00
   1.1880001e+00
   1.3460001e+00
   1.4460001e+00
   1.3650000e+00
   1.1070001e+00
   1.3570001e+00
   1.2550001e+00
   9.9300003e-01
   1.2590001e+00
   1.4700000e+00
   1.2940000e+00
   1.4620000e+00
   1.5110000e+00
   1.2950001e+00
   1.2760000e+00
   1.5650001e+00
   1.5340000e+00
   1.5780001e+00
   1.3300000e+00
   1.3290000e+00
   1.4290000e+00
   1.7570001e+00
   1.4760001e+00
   1.3230001e+00
   1.6800001e+00
   1.4770000e+00
   1.5400001e+00
   1.6250000e+00
   1.6560000e+00
   1.3700000e+00
   1.3720000e+00
   1.3150001e+00
   1.6640002e+00
   1.6540002e+00
   1.5510001e+00
   1.5500001e+00
   1.7000002e+00
   1.1850001e+00
   1.5430001e+00
   1.6420001e+00
   1.5840001e+00
   1.5700001e+00
   1.6690001e+00
   1.4500002e+00
   1.4230001e+00
   1.6020001e+00
   1.5430001e+00
   1.6639999e+00
   1.6520000e+00
   1.4859999e+00
   1.8319999e+00
   1.6059999e+00
   1.6140000e+00
   1.7340000e+00
   1.6190000e+00
   1.1140001e+00
   1.3640001e+00
   1.0700001e+00
   1.2720001e+00
   7.5200009e-01
   1.5110000e+00
   1.4970001e+00
   1.3940001e+00
   1.2280000e+00
   1.3230001e+00
   1.2310001e+00
   1.4690001e+00
   1.3530000e+00
   1.5180001e+00
   1.0690001e+00
   1.7380000e+00
   1.4780000e+00
   1.7300000e+00
   1.7880001e+00
   1.6790001e+00
   1.6600001e+00
   1.6410000e+00
   1.6800001e+00
   1.5930001e+00
   1.4960001e+00
   1.5239999e+00
   1.4719999e+00
   1.5579998e+00
   1.6939999e+00
   1.5779998e+00
   1.5469999e+00
   1.7409999e+00
   1.4419999e+00
   1.3559999e+00
   1.3010000e+00
   1.4710000e+00
   1.4039999e+00
   1.4660000e+00
   1.4800000e+00
   1.4570000e+00
   1.6589999e+00
   1.6179999e+00
   1.5490000e+00
   1.7160000e+00
   1.2429999e+00
   1.7029999e+00
   1.4599999e+00
   1.7190000e+00
   1.6309999e+00
   1.6420000e+00
   1.4210000e+00
   1.5940000e+00
   1.6819999e+00
   1.8329999e+00
   1.6049999e+00
   1.6989999e+00
   1.6399999e+00
   1.5389999e+00
   1.4949999e+00
   1.5329999e+00
   1.3820000e+00
   1.5739999e+00
   1.5910000e+00
   1.5859998e+00
   1.6969999e+00
   1.5749999e+00
   1.5109999e+00
   1.5189999e+00
   1.6219999e+00
   1.5220000e+00
   1.3819999e+00
   1.7800001e+00
   1.6770000e+00
   1.8110000e+00
   1.7330000e+00
   1.7660000e+00
   1.5140001e+00
   1.6910000e+00
   1.7620001e+00
   1.6220001e+00
   1.4390000e+00
   1.4710001e+00
   1.5480000e+00
   1.5200000e+00
   1.5999999e+00
   1.3749999e+00
   1.4599999e+00
   1.4999999e+00
   1.5979999e+00
   1.6069999e+00
   1.4360000e+00
   1.4050000e+00
   1.4169999e+00
   1.5549999e+00
   1.6919999e+00
   1.5969999e+00
   1.6849999e+00
   1.6090000e+00
   1.5639999e+00
   1.7099999e+00
   1.7609999e+00
   1.6459999e+00
   1.6689999e+00
   1.6849999e+00
   1.5489999e+00
   1.3310000e+00
   1.5740000e+00
   1.6040000e+00
   1.6389999e+00
   1.6630000e+00
   1.8440000e+00
   1.6439999e+00
   1.6510000e+00
   1.5710000e+00
   1.5549999e+00
   1.6120000e+00
   1.6450000e+00
   1.5569999e+00
   1.5469999e+00
   1.7470000e+00
   1.4779999e+00
   1.6400000e+00
   1.6450000e+00
   1.5410000e+00
   1.4219999e+00
   1.3349999e+00
   1.5770000e+00
   1.5560000e+00
   1.3559999e+00
   1.5910000e+00
   1.4030000e+00
   1.4660000e+00
   1.2930000e+00
   1.5090001e+00
   1.7550000e+00
   1.4650000e+00
   1.5380000e+00
   1.4940001e+00
   1.4530001e+00
   1.3060000e+00
   1.4920000e+00
   1.3610001e+00
   1.5840000e+00
   1.3310000e+00
   1.5080000e+00
   1.4600000e+00
   1.3300000e+00
   1.4860001e+00
   1.5880001e+00
   1.6840001e+00
   1.7220001e+00
   1.5320001e+00
   1.7160001e+00
   1.8450001e+00
   1.8250002e+00
   1.7280002e+00
   1.8020002e+00
   1.4580001e+00
   1.1640002e+00
   1.1720002e+00
   9.6500009e-01
   1.7659999e+00
   2.0479999e+00
   1.8999999e+00
   1.8629999e+00
   1.9089999e+00
   1.7939999e+00
   1.6479999e+00
   1.6129999e+00
   1.5429999e+00
   1.4409999e+00
   1.5249999e+00
   1.4669999e+00
   1.2419999e+00
   1.9629999e+00
   2.0119998e+00
   1.9119999e+00
   1.9119999e+00
   1.8679999e+00
   1.8369999e+00
   1.8509998e+00
   1.9029999e+00
   1.9899999e+00
   1.8579999e+00
   1.7789999e+00
   1.9399999e+00
   1.7849998e+00
   1.6289998e+00
   2.3610001e+00
   2.3500001e+00
   2.2120001e+00
   2.3030002e+00
   1.9680001e+00
   2.1830001e+00
   2.0080001e+00
   2.1890001e+00
   2.3090000e+00
   2.2000000e+00
   2.3330002e+00
   2.2160001e+00
   1.8250000e+00
   1.6110001e+00
   1.4350001e+00
   1.9360001e+00
   2.1110001e+00
   2.1460001e+00
   2.1120000e+00
   1.9730000e+00
   1.9610001e+00
   1.9590001e+00
   1.8070000e+00
   1.9960001e+00
   2.1160002e+00
   2.0190001e+00
   1.8960001e+00
   1.7080001e+00
   1.3410001e+00
   1.3860002e+00
   1.3690001e+00
   1.7930000e+00
   1.8250000e+00
   1.6470000e+00
   1.6490000e+00
   1.7370000e+00
   1.6510000e+00
   1.7950000e+00
   1.8190000e+00
   1.8010000e+00
   1.7610000e+00
   1.6830000e+00
   1.4620000e+00
   1.5190001e+00
   1.3960000e+00
   1.3410000e+00
   1.1650000e+00
   2.1050000e+00
   2.0770001e+00
   2.0940001e+00
   2.1340001e+00
   2.2740002e+00
   2.2050002e+00
   2.1260002e+00
   2.0210001e+00
   1.7250001e+00
   1.7440001e+00
   1.7910001e+00
   1.6360002e+00
   1.5570002e+00
   1.7920001e+00
   1.7810001e+00
   1.8580000e+00
   2.0369999e+00
   1.8989999e+00
   1.9460000e+00
   1.8930000e+00
   1.8320000e+00
   2.0850000e+00
   2.1010001e+00
   1.8960000e+00
   1.7960000e+00
   1.9030000e+00
   1.9260000e+00
   1.9250000e+00
   1.6500000e+00
   1.5020000e+00
   7.3399997e-01
   2.1670001e+00
   2.0829999e+00
   1.9770000e+00
   2.0379999e+00
   2.0999999e+00
   2.0369999e+00
   2.1329999e+00
   2.4070001e+00
   2.2600000e+00
   2.0920000e+00
   2.2219999e+00
   2.3020000e+00
   1.9850000e+00
   1.9190000e+00
   2.0580001e+00
   1.9290000e+00
   1.7930000e+00
   1.9870000e+00
   1.7100000e+00
   1.8950000e+00
   1.9920000e+00
   1.9540000e+00
   1.8710001e+00
   2.0030000e+00
   2.0530000e+00
   1.7300000e+00
   1.9360000e+00
   1.7720001e+00
   1.7610000e+00
   1.7920001e+00
   1.6930000e+00
   1.4680001e+00
   1.5720000e+00
   1.5450000e+00
   1.3360000e+00
   1.4770000e+00
   1.4560000e+00
   1.4680001e+00
   1.3810000e+00
   1.1990000e+00
   1.2760000e+00
   8.3600003e-01
   2.1370001e+00
   2.0510001e+00
   1.9940001e+00
   2.0470002e+00
   1.7710001e+00
   1.7330000e+00
   1.5060000e+00
   1.5040001e+00
   1.5960001e+00
   1.5780001e+00
   1.5490001e+00
   1.5920001e+00
   1.8230001e+00
   1.4900001e+00
   2.0360000e+00
   2.1680000e+00
   2.0710001e+00
   2.0369999e+00
   1.9840001e+00
   1.8840001e+00
   2.0750000e+00
   2.2110000e+00
   2.4010000e+00
   2.2400000e+00
   1.8960000e+00
   1.7420000e+00
   2.0160000e+00
   2.0450001e+00
   1.7790000e+00
   2.0780001e+00
   2.0820000e+00
   2.0850000e+00
   2.2820001e+00
   2.1259999e+00
   2.0999999e+00
   2.0300000e+00
   2.1150000e+00
   2.3250000e+00
   2.1459999e+00
   1.8550000e+00
   1.5950000e+00
   1.4620000e+00
   1.4070001e+00
   2.0390000e+00
   1.8390000e+00
   2.2630000e+00
   1.9650000e+00
   2.0730000e+00
   2.1389999e+00
   2.1090000e+00
   2.1020000e+00
   2.2590001e+00
   2.0770001e+00
   2.0390000e+00
   1.8580000e+00
   1.5440000e+00
   2.2820001e+00
   2.4060001e+00
   2.1850002e+00
   2.2560000e+00
   2.2560000e+00
   2.3410001e+00
   2.2040000e+00
   2.2770002e+00
   2.2690001e+00
   1.8280001e+00
   1.9740001e+00
   1.8740001e+00
   1.9640001e+00
   2.3460000e+00
   2.2730000e+00
   2.3020000e+00
   2.2749999e+00
   2.3529999e+00
   2.3099999e+00
   2.3759999e+00
   2.3789999e+00
   2.4059999e+00
   2.4430001e+00
   2.3209999e+00
   2.0790000e+00
   2.0220001e+00
   2.2990000e+00
   2.1629999e+00
   2.2770000e+00
   2.1870000e+00
   2.3220000e+00
   2.5139999e+00
   2.6039999e+00
   2.4740000e+00
   2.1910000e+00
   2.1220000e+00
   1.8349999e+00
   2.5639999e+00
   2.7479999e+00
   2.9770000e+00
   2.7060001e+00
   2.5380001e+00
   2.6580000e+00
   2.4400001e+00
   2.3350000e+00
   2.2079999e+00
   1.7910000e+00
   2.4330001e+00
   2.4420002e+00
   2.4380002e+00
   2.2090001e+00
   2.3200002e+00
   2.0630002e+00
   2.0440001e+00
   1.8230002e+00
   1.8560002e+00
   1.8380002e+00
   2.3220000e+00
   2.2860000e+00
   2.1520000e+00
   1.9009999e+00
   2.0779998e+00
   2.1009998e+00
   1.9879999e+00
   1.8019999e+00
   1.6029999e+00
   2.4010000e+00
   2.0720000e+00
   2.0880001e+00
   1.9760001e+00
   1.9950001e+00
   2.0000000e+00
   1.9090000e+00
   1.4200001e+00
   1.2030001e+00
   2.5300002e+00
   2.5000000e+00
   2.3750000e+00
   2.2420001e+00
   2.3750000e+00
   2.2990000e+00
   2.2570002e+00
   2.0820000e+00
   1.9820001e+00
   1.8760000e+00
   2.5000000e+00
   2.4220002e+00
   2.6150000e+00
   2.1470001e+00
   2.1590002e+00
   2.0010002e+00
   2.1110001e+00
   2.0820000e+00
   2.1990001e+00
   2.3980000e+00
   2.3940001e+00
   2.3880000e+00
   2.3600001e+00
   2.1630001e+00
   2.1380000e+00
   2.2060001e+00
   2.2050002e+00
   1.6800001e+00
   2.4740000e+00
   2.2709999e+00
   2.2969999e+00
   2.0710001e+00
   2.0439999e+00
   2.0400000e+00
   1.7270000e+00
   1.6339999e+00
   1.5369999e+00
   1.5290000e+00
   1.5610000e+00
   1.9959999e+00
   2.0079999e+00
   1.8979999e+00
   1.9529998e+00
   1.8849999e+00
   1.8529999e+00
   1.5919999e+00
   1.4369999e+00
   1.4819999e+00
   1.5449998e+00
   1.6549999e+00
   1.2649999e+00
   2.3120003e+00
   2.3720002e+00
   2.3050003e+00
   2.1760001e+00
   2.3400002e+00
   2.3200002e+00
   2.3840003e+00
   2.3480003e+00
   2.2540002e+00
   2.2030003e+00
   2.1060002e+00
   1.9930001e+00
   2.6270001e+00
   2.4170003e+00
   2.4300003e+00
   2.4490001e+00
   2.4350002e+00
   2.2310002e+00
   2.2270002e+00
   2.3320003e+00
   2.3690002e+00
   2.3570001e+00
   2.3820002e+00
   2.2810001e+00
   2.4250002e+00
   2.4110003e+00
   2.3750002e+00
   2.4820001e+00
   2.2030003e+00
   2.3530002e+00
   2.1830001e+00
   2.2030003e+00
   2.1950002e+00
   2.1830001e+00
   2.1660001e+00
   2.1270001e+00
   2.5400002e+00
   2.4530003e+00
   2.2730002e+00
   2.2860003e+00
   2.2230003e+00
   2.1720002e+00
   1.9880002e+00
   2.1680002e+00
   2.1470003e+00
   2.0860002e+00
   2.1050003e+00
   1.9070002e+00
   2.5510001e+00
   2.3030002e+00
   2.3290002e+00
   2.3310001e+00
   2.2810001e+00
   1.8850002e+00
   1.8800002e+00
   1.8730001e+00
   1.8890002e+00
   1.8950002e+00
   2.0000002e+00
   2.0330002e+00
   2.5950003e+00
   2.4400003e+00
   2.5400002e+00
   2.2850001e+00
   2.2900002e+00
   2.1590002e+00
   2.2200003e+00
   2.2140002e+00
   2.0530002e+00
   1.9540002e+00
   2.1620002e+00
   2.0440001e+00
   2.4830003e+00
   2.4820001e+00
   2.3610003e+00
   2.2550001e+00
   2.2680001e+00
   2.1140003e+00
   2.1800003e+00
   2.3820002e+00
   2.3170002e+00
   1.8430002e+00
   1.9240001e+00
   1.9230002e+00
   2.3360002e+00
   2.2750001e+00
   2.3790002e+00
   2.2000003e+00
   2.3570001e+00
   1.9270002e+00
   2.3290002e+00
   2.2660003e+00
   2.0650003e+00
   2.0710001e+00
   2.0370002e+00
   2.0660002e+00
   2.3960001e+00
   2.3070002e+00
   2.3050003e+00
   2.2830002e+00
   2.3540001e+00
   2.0750003e+00
   2.3420002e+00
   2.1170001e+00
   2.1210003e+00
   1.5990002e+00
   1.3890002e+00
   1.2510002e+00
   1.8770002e+00
   2.4060001e+00
   2.3530002e+00
   2.5870001e+00
   2.6280003e+00
   2.5580001e+00
   2.6200001e+00
   2.5100002e+00
   2.5810001e+00
   2.7890003e+00
   2.5070002e+00
   2.4410002e+00
   2.6530001e+00
   2.1090002e+00
   2.0340002e+00
   2.0850003e+00
   2.3190002e+00
   2.0290003e+00
   1.7590002e+00
   1.3100002e+00
   1.1900002e+00
   2.1720002e+00
   2.2540002e+00
   2.1830001e+00
   2.2510002e+00
   2.0350001e+00
   2.0110002e+00
   1.8480002e+00
   1.6360002e+00
   1.7200001e+00
   1.4640002e+00
   2.0180001e+00
   2.6360002e+00
   2.5500002e+00
   2.6320002e+00
   2.7760003e+00
   2.3830001e+00
   2.4890003e+00
   2.3620002e+00
   2.3920002e+00
   2.6860001e+00
   2.8860002e+00
   3.2540002e+00
   3.2900002e+00
   3.1790001e+00
   3.1610003e+00
   2.8150003e+00
   2.7090001e+00
   2.5720003e+00
   2.4770002e+00
   2.1210003e+00
   1.6470002e+00
   1.5510002e+00
   1.5170002e+00
  -2.0300000e+00
  -2.0230000e+00
  -2.0390000e+00
  -2.2560000e+00
  -2.4489999e+00
  -2.6099999e+00
  -2.5090001e+00
  -2.4349999e+00
  -2.0330000e+00
  -1.9230000e+00
  -2.0539999e+00
  -1.7029999e+00
  -1.9670000e+00
  -1.9570000e+00
  -1.9370000e+00
  -1.8360000e+00
  -1.9190000e+00
  -1.9890000e+00
  -1.7600000e+00
  -1.6240000e+00
  -1.5260000e+00
  -1.9579999e+00
  -1.8410000e+00
  -2.0000000e+00
  -2.0150001e+00
  -2.2430000e+00
  -2.3460000e+00
  -2.5430000e+00
  -3.2780001e+00
  -3.1710000e+00
  -3.5050001e+00
  -3.3120000e+00
  -3.8710001e+00
  -1.9790000e+00
  -1.9840000e+00
  -2.3929999e+00
  -2.2900000e+00
  -2.1300001e+00
  -2.2300000e+00
  -2.0490000e+00
  -2.0160000e+00
  -2.0060000e+00
  -1.8440000e+00
  -2.1650000e+00
  -2.2670000e+00
  -2.4470000e+00
  -2.3820000e+00
  -2.4219999e+00
  -2.5060000e+00
  -2.5569999e+00
  -2.5490000e+00
  -2.7240000e+00
  -3.1650000e+00
  -3.5250001e+00
  -3.9779999e+00
  -4.4210000e+00
  -4.4819999e+00
  -4.4229999e+00
  -4.2360001e+00
  -4.2449999e+00
  -3.9419999e+00
  -3.8850000e+00
  -3.6470001e+00
  -3.4119999e+00
  -3.4660001e+00
  -3.4640000e+00
  -1.8310000e+00
  -2.0150001e+00
  -2.1329999e+00
  -2.1520000e+00
  -2.3559999e+00
  -2.6080000e+00
  -2.9020000e+00
  -3.7449999e+00
  -4.4080000e+00
  -4.9150000e+00
  -4.4510002e+00
  -4.1849999e+00
  -3.9610000e+00
  -3.8710001e+00
  -3.8340001e+00
  -3.6889999e+00
  -3.8789999e+00
  -4.0070000e+00
  -3.8900001e+00
  -3.9230001e+00
  -2.1770000e+00
  -2.2570000e+00
  -2.3050001e+00
  -2.3310001e+00
  -2.6689999e+00
  -3.2130001e+00
  -3.4000001e+00
  -3.7969999e+00
  -4.5060000e+00
  -4.8010001e+00
  -4.6240001e+00
  -4.3720002e+00
  -4.3530002e+00
  -4.2350001e+00
  -4.5570002e+00
  -4.8610001e+00
  -4.9840002e+00
  -4.6250000e+00
  -4.6960001e+00
  -4.3270001e+00
  -3.6110001e+00
  -2.0639999e+00
  -2.2379999e+00
  -2.3390000e+00
  -2.3810000e+00
  -2.5000000e+00
  -3.0550001e+00
  -3.5250001e+00
  -3.9050000e+00
  -4.1350002e+00
  -4.1399999e+00
  -4.2049999e+00
  -4.3969998e+00
  -4.7490001e+00
  -4.9080000e+00
  -4.9089999e+00
  -4.9679999e+00
  -4.9910002e+00
  -4.6989999e+00
  -2.0769999e+00
  -2.1470001e+00
  -1.9870000e+00
  -1.9870000e+00
  -2.1029999e+00
  -2.9159999e+00
  -3.3050001e+00
  -3.6310000e+00
  -3.7379999e+00
  -3.7179999e+00
  -3.9760001e+00
  -2.1819999e+00
  -2.1930001e+00
  -2.0850000e+00
  -1.7850000e+00
  -1.9150000e+00
  -2.2750001e+00
  -2.8750000e+00
  -3.5369999e+00
  -3.7800000e+00
  -4.0250001e+00
  -2.1510000e+00
  -2.2330000e+00
  -2.2309999e+00
  -2.5150001e+00
  -2.7460001e+00
  -2.7770000e+00
  -2.9830000e+00
  -3.1080000e+00
  -3.3490000e+00
  -2.2379999e+00
  -2.5020001e+00
  -2.9040000e+00
  -3.1589999e+00
  -3.0450001e+00
  -3.2679999e+00
  -3.4349999e+00
  -3.6110001e+00
   1.8229998e+00
   1.4369999e+00
   8.9899987e-01
   1.0999999e+00
   1.0529999e+00
   5.2199984e-01
   2.1649997e+00
   1.8659998e+00
   1.6109998e+00
   1.4299998e+00
   1.0289998e+00
   1.6589999e+00
   1.5599999e+00
   1.4330000e+00
   1.3010000e+00
   1.1090000e+00
   9.5599997e-01
   7.2099996e-01
   7.7599996e-01
   6.6700000e-01
   4.8399997e-01
   4.0799999e-01
   1.3000001e+00
   1.3170000e+00
   1.0480000e+00
   1.1380000e+00
   1.0850000e+00
   1.1000000e+00
   9.5600003e-01
   7.3600000e-01
   5.7500005e-01
   4.7500002e-01
   1.4030000e+00
   1.2900001e+00
   1.2390001e+00
   1.1360000e+00
   1.1530000e+00
   9.7500008e-01
   6.6600007e-01
   7.6400006e-01
   1.4780000e+00
   1.4550000e+00
   1.2320001e+00
   1.1920000e+00
   1.1680001e+00
   1.2270001e+00
   1.7530001e+00
   1.5190001e+00
   1.4810001e+00
   1.3730001e+00
   1.0340000e+00
   1.7060000e+00
   1.9370000e+00
   1.7290000e+00
   1.6800001e+00
   1.6280000e+00
   1.6810000e+00
   1.6880000e+00
   1.5160000e+00
   1.4350001e+00
   1.2390000e+00
   9.2900002e-01
   1.7420000e+00
   1.8779999e+00
   2.0630000e+00
   1.7930000e+00
   1.5690000e+00
   1.7400000e+00
   2.0030000e+00
   1.5730000e+00
   1.7340000e+00
   1.6969999e+00
   1.6980001e+00
   1.4790000e+00
   1.4240000e+00
   1.5240000e+00
   1.6820000e+00
   1.6550000e+00
   1.0620000e+00
   1.0910001e+00
   1.2230000e+00
   1.1200000e+00
   1.3739998e+00
   1.5509999e+00
   1.6479999e+00
   1.7099999e+00
   1.3549999e+00
   1.8939999e+00
   1.5749999e+00
   1.7509999e+00
   1.3519999e+00
   1.2289999e+00
   1.7090000e+00
   2.1199999e+00
   2.2719998e+00
   2.0539999e+00
   2.0860000e+00
   2.4529998e+00
   1.9539999e+00
   2.0100000e+00
   2.2749999e+00
   2.1669998e+00
   1.8170000e+00
   1.7770001e+00
   1.8440001e+00
   1.1840000e+00
   1.2140001e+00
   1.0480001e+00
   1.0480001e+00
   1.3080001e+00
   1.3620001e+00
   1.8970000e+00
   1.4590000e+00
   1.4299999e+00
   1.6500000e+00
   1.4779999e+00
   1.5900000e+00
   1.6999999e+00
   1.7359999e+00
   1.1899999e+00
   1.6869999e+00
   1.4930000e+00
   1.7680000e+00
   1.7430000e+00
   1.9879999e+00
   1.8839999e+00
   1.8360000e+00
   1.8249999e+00
   2.0799999e+00
   1.6860000e+00
   1.8020000e+00
   2.1020000e+00
   1.9920000e+00
   2.4470000e+00
   1.7600000e+00
   2.0390000e+00
   2.2160001e+00
   1.6490002e+00
   2.1110001e+00
   1.7320001e+00
   2.0350001e+00
   2.1620002e+00
   2.4070001e+00
   2.3480000e+00
   2.5530000e+00
   2.3629999e+00
   2.4419999e+00
   2.2379999e+00
   2.3069999e+00
   2.2160001e+00
   2.3130000e+00
   2.2019999e+00
   2.0550001e+00
   1.9000000e+00
   2.1489999e+00
   2.2609999e+00
   2.2479999e+00
   2.2290001e+00
   2.4020000e+00
   2.5480001e+00
   2.2560000e+00
   2.3190000e+00
   2.3099999e+00
   2.3220000e+00
   2.2620001e+00
   2.1500001e+00
   1.7990000e+00
   1.9710000e+00
   1.5520000e+00
   1.6040000e+00
   1.5750000e+00
   1.6280000e+00
   1.6770000e+00
   1.5330000e+00
   1.6850001e+00
   1.4930000e+00
   1.4350001e+00
   1.1470000e+00
   1.1320000e+00
   2.2760000e+00
   2.3090000e+00
   2.0960000e+00
   1.8310000e+00
   1.7249999e+00
   1.8659999e+00
   1.8779999e+00
   1.7650000e+00
   1.8950000e+00
   1.5250000e+00
   1.2290000e+00
   8.0599993e-01
   1.0599995e-01
   2.3999999e+00
   2.5669999e+00
   2.3020000e+00
   2.2219999e+00
   2.0100000e+00
   1.7350000e+00
   1.6669999e+00
   1.7200000e+00
   1.6669999e+00
   1.5189999e+00
   1.3659999e+00
   1.5540000e+00
   1.5820000e+00
   1.4650000e+00
   1.1170000e+00
   8.8400000e-01
   2.1989999e+00
   2.1110001e+00
   2.0730000e+00
   1.9900000e+00
   1.9540000e+00
   1.9980000e+00
   2.0780001e+00
   1.9870000e+00
   1.7329999e+00
   1.6040000e+00
   1.6250000e+00
   1.5220000e+00
   1.3450000e+00
   1.0220000e+00
   8.3399999e-01
   3.1299996e-01
  -6.9000028e-02
  -3.0000247e-03
   2.2749999e+00
   2.1269999e+00
   2.1410000e+00
   2.0430000e+00
   2.1280000e+00
   2.0579998e+00
   1.9760000e+00
   1.8310000e+00
   1.4899999e+00
   1.3859999e+00
   9.0199995e-01
   8.1199992e-01
   8.9999998e-01
   6.3699996e-01
   4.2099994e-01
   6.0299993e-01
   5.9899992e-01
   3.3599994e-01
   3.4199995e-01
   2.4699995e-01
   3.6499995e-01
   1.9959999e+00
   1.9859999e+00
   1.6849999e+00
   1.4599999e+00
   1.3700000e+00
   1.3609999e+00
   1.3210000e+00
   1.1099999e+00
   7.9699993e-01
   4.1199994e-01
   2.2089999e+00
   2.2069998e+00
   2.1619999e+00
   1.8729999e+00
   1.5099999e+00
   1.4039999e+00
   1.5079999e+00
   1.2169999e+00
   1.0709999e+00
   2.3850000e+00
   2.3629999e+00
   1.9809999e+00
   2.1350000e+00
   1.6079999e+00
   2.5920000e+00
   2.2090001e+00
   2.1850002e+00
   1.6900001e+00
   2.2610002e+00
   2.1800001e+00
   2.0790000e+00
   2.1140001e+00
   2.2030001e+00
   2.0770001e+00
   1.9510001e+00
   1.7510002e+00
   1.3710001e+00
   1.2420001e+00
   1.0140001e+00
   1.1060001e+00
   1.1960001e+00
   9.1100013e-01
   2.5539999e+00
   2.4719999e+00
   2.3580000e+00
   2.2440000e+00
   2.3789999e+00
   2.2470000e+00
   2.0780001e+00
   1.9929999e+00
   2.0460000e+00
   1.9529999e+00
   1.7900000e+00
   1.5350000e+00
   1.3049999e+00
   8.5599995e-01
   4.1399994e-01
   4.6499994e-01
   5.8699995e-01
   8.5699993e-01
   5.5799997e-01
   1.9910001e+00
   1.7420000e+00
   1.9150000e+00
   1.8090000e+00
   1.8160000e+00
   1.6880000e+00
   1.3640000e+00
   1.2150000e+00
   1.1290001e+00
   1.0400000e+00
   1.0570000e+00
   8.7900001e-01
   1.1130000e+00
   1.1420000e+00
   1.2030001e+00
   1.0650001e+00
   1.0080000e+00
   6.2800002e-01
   5.2600002e-01
   4.4600001e-01
   1.0259999e+00
   8.6499995e-01
   9.7999990e-01
   8.9599991e-01
   7.7299994e-01
   8.8999993e-01
   1.0990000e+00
   1.1559999e+00
   9.6599990e-01
   6.4699990e-01
   7.9699993e-01
   7.4399990e-01
   1.2539999e+00
   1.0209999e+00
   8.6099994e-01
   6.1699992e-01
   5.9599996e-01
   4.1899994e-01
   3.7199995e-01
   4.7499993e-01
   2.6399994e-01
   1.5799995e-01
   4.3399996e-01
   4.5699993e-01
   2.0599994e-01
   2.7799994e-01
   1.0799992e-01
  -3.0000764e-03
   8.3999924e-02
  -1.5900007e-01
  -3.5500008e-01
  -4.2400008e-01
  -1.9000007e-01
  -3.3900008e-01
  -2.2500008e-01
   1.0800000e+00
   1.1380000e+00
   1.1470000e+00
   4.3599999e-01
   6.4099997e-01
   2.8999999e-01
   1.5999984e-02
   3.9999984e-02
   2.9999998e-01
   1.3480002e+00
   1.4450002e+00
   8.6700010e-01
   4.0900013e-01
   4.5900011e-01
   3.7400013e-01
   4.5000117e-02
   6.1000120e-02
   3.2700011e-01
   6.4100003e-01
  -1.7499995e-01
   5.8000043e-02
   3.0300003e-01
   2.9900005e-01
  -4.2999957e-02
  -1.6399996e-01
  -8.8999957e-02
   1.6080000e+00
   1.0580001e+00
   1.1020001e+00
   4.7000006e-01
   7.2100008e-01
   1.7000006e-01
   3.0000629e-03
  -3.8999937e-02
   4.2800000e-01
   3.8400000e-01
   6.4999998e-01
   6.3400000e-01
   6.1399996e-01
   4.8600000e-01
   3.6299998e-01
   3.1599998e-01
   8.1399995e-01
   3.6399996e-01
   2.6199996e-01
   1.5799996e-01
   6.2999964e-02
   3.0599996e-01
   3.3999997e-01
   1.9499995e-01
   2.4299994e-01
  -5.2000057e-02
   8.0999941e-02
  -4.7400007e-01
   2.6199993e-01
  -2.5200006e-01
   5.5100000e-01
   2.2200002e-01
  -1.3199997e-01
   5.1100004e-01
   4.4000003e-01
   2.9900002e-01
   1.0100003e-01
   3.7500003e-01
   2.8000003e-01
   6.6900003e-01
   8.9200002e-01
   9.0400004e-01
   5.3200001e-01
   8.2200003e-01
   1.0370001e+00
   7.7400005e-01
   4.4000003e-01
   2.9400003e-01
  -9.4999969e-02
   8.1699991e-01
   5.3999990e-01
   2.0799990e-01
  -2.7100009e-01
  -9.1000095e-02
   1.8099990e-01
   1.6499990e-01
   3.9399990e-01
  -2.3100010e-01
  -1.7700009e-01
   1.1999902e-02
   5.0200003e-01
   3.6700004e-01
   3.8400003e-01
   4.2400002e-01
   2.1700004e-01
   4.4900003e-01
  -1.8199997e-01
   1.9300003e-01
   4.0900004e-01
   2.8600004e-01
   4.8700005e-01
   2.2700003e-01
   3.9500004e-01
   1.7100003e-01
   4.3000035e-02
   3.4800002e-01
   1.2400004e-01
   1.5600003e-01
   1.8800004e-01
  -1.6399996e-01
   1.2600003e-01
   2.6700002e-01
   5.0000034e-02
   8.8000037e-02
  -2.9999667e-03
   5.3600001e-01
   1.0170001e+00
   1.2520001e+00
   1.2590001e+00
   1.5710001e+00
   1.6060001e+00
   9.6300006e-01
   7.8100002e-01
   7.0500004e-01
   3.8000005e-01
  -3.9999569e-03
   6.4000040e-02
   2.2900005e-01
   1.4530001e+00
   1.7290000e+00
   1.3470000e+00
   1.5850000e+00
   1.2460001e+00
   1.2580000e+00
   5.3600001e-01
   7.7900004e-01
   6.6600001e-01
   2.6000014e-02
  -1.1999986e-02
  -9.0999983e-02
   4.0100002e-01
   1.7700002e-01
   1.4200000e+00
   1.3909999e+00
   1.0610000e+00
   8.8399994e-01
   8.2699996e-01
   6.3499999e-01
   3.0099997e-01
   3.5899997e-01
   2.6199996e-01
   1.8599997e-01
  -4.0000029e-02
   2.5599998e-01
   1.3599998e-01
   5.1599997e-01
   5.3099996e-01
   1.3970000e+00
   9.4999999e-01
   8.2699996e-01
   6.3499999e-01
   7.5699997e-01
   6.1299998e-01
   2.5599998e-01
   2.7399999e-01
   8.3999977e-02
   2.6899996e-01
   7.2799999e-01
   3.3199999e-01
   7.0599997e-01
   2.8799999e-01
   6.3499999e-01
   1.0970000e+00
   1.1490000e+00
   8.6100000e-01
   6.9800001e-01
   1.0110000e+00
   1.0280000e+00
   1.1370001e+00
   6.1500001e-01
   4.9900004e-01
   2.2300003e-01
  -1.2099997e-01
   1.8400003e-01
   5.0500005e-01
   1.1400003e-01
   4.3000004e-01
   1.4800003e-01
   5.8900005e-01
   2.1210001e+00
   1.9110000e+00
   1.0160000e+00
   1.0670000e+00
   1.0790000e+00
   9.9700004e-01
   8.5400003e-01
   1.3060000e+00
   6.8599999e-01
   7.2600001e-01
   6.1300004e-01
   5.6700003e-01
   2.1000001e-01
   1.2600002e-01
  -9.1999985e-02
   4.2000002e-01
  -1.6999988e-02
  -6.0999986e-02
   1.3660001e+00
   1.2290001e+00
   9.6900010e-01
   8.3600008e-01
   4.5200008e-01
   2.9900008e-01
   2.6800010e-01
   3.6700007e-01
   1.2000009e-01
   1.4620000e+00
   1.1570001e+00
   9.5500004e-01
   5.2700007e-01
   5.2900004e-01
   8.1800008e-01
   7.8300005e-01
   7.7400005e-01
   5.2000004e-01
   2.2640002e+00
   1.8740001e+00
   1.8980001e+00
   1.7070001e+00
   1.5800000e+00
   1.3650001e+00
   8.7300009e-01
   9.4100010e-01
   9.8600012e-01
   1.7480000e+00
   1.6580000e+00
   1.1730000e+00
   1.1960000e+00
   8.4600002e-01
   5.7400000e-01
   5.6999999e-01
   1.6199999e-01
   8.3999991e-02
   3.9499998e-01
   1.0170000e+00
   1.0520000e+00
   1.2890000e+00
   1.2970001e+00
   1.2900000e+00
   1.3049999e+00
   1.0060000e+00
   6.8800002e-01
   7.7100003e-01
   9.4700003e-01
   7.4699998e-01
   1.2190000e+00
   1.1029999e+00
   1.5749999e+00
   1.8520000e+00
   1.8759999e+00
   1.6389999e+00
   1.6539999e+00
   1.5369999e+00
   1.1180000e+00
   1.1870000e+00
   8.7000000e-01
   1.6760000e+00
   1.8950000e+00
   2.1250000e+00
   2.3340001e+00
   2.2349999e+00
   1.9150000e+00
   1.7520000e+00
   1.9080000e+00
   1.6970000e+00
   1.4600000e+00
   1.1940000e+00
   1.5150000e+00
   2.1100001e+00
   1.8260001e+00
   2.0180001e+00
   1.9840001e+00
   2.0480001e+00
   1.5770001e+00
   1.6650001e+00
   1.6440001e+00
   1.2470001e+00
   1.5150001e+00
   1.1960001e+00
   2.1369998e+00
   1.9330000e+00
   2.1039999e+00
   2.1389999e+00
   2.0060000e+00
   2.0929999e+00
   1.8540000e+00
   1.6999999e+00
   1.3160000e+00
   7.7099991e-01
   1.1010000e+00
   9.4799995e-01
   1.7779999e+00
   1.7219999e+00
   1.8449999e+00
   1.7359999e+00
   1.8419999e+00
   1.7669998e+00
   1.6349999e+00
   1.7289999e+00
   1.8479999e+00
   2.0259998e+00
   1.6559999e+00
   1.2889999e+00
   1.1359999e+00
   1.8270000e+00
   1.7330000e+00
   1.6460000e+00
   1.8690001e+00
   1.8300000e+00
   1.7700000e+00
   2.1150000e+00
   1.8390000e+00
   1.9210000e+00
   2.3160000e+00
   1.7360001e+00
   1.5460000e+00
   9.7800004e-01
   1.5500001e+00
   1.8170000e+00
   2.0650001e+00
   2.2249999e+00
   2.1910000e+00
   2.0790000e+00
   2.1819999e+00
   1.9890001e+00
   2.2750001e+00
   2.2980001e+00
   2.3099999e+00
   2.0840001e+00
   1.9780000e+00
   1.6390001e+00
   1.7310001e+00
   2.0420001e+00
   1.8780000e+00
   1.8230001e+00
   2.0740001e+00
   1.8900000e+00
   1.8850000e+00
   1.7580000e+00
   2.0150001e+00
   1.9940001e+00
   1.7130001e+00
   1.8980000e+00
   1.7460001e+00
   1.8140000e+00
   1.7720001e+00
   1.7740000e+00
   1.8630000e+00
   1.8230001e+00
   1.9240000e+00
   1.9030001e+00
   1.7250000e+00
   1.8620001e+00
   1.6360000e+00
   1.7889999e+00
   1.7189999e+00
   1.6789999e+00
   1.7579999e+00
   1.9909999e+00
   1.7029999e+00
   2.0030000e+00
   1.8000000e+00
   1.7369999e+00
   1.8369999e+00
   1.8559999e+00
   1.6959999e+00
   1.6059999e+00
   1.8529999e+00
   1.6799999e+00
   1.9109999e+00
   1.9439999e+00
   1.8019999e+00
   1.9159999e+00
   2.0160000e+00
   2.0170000e+00
   1.6700000e+00
   1.7959999e+00
   1.5800002e+00
   1.7080001e+00
   1.9340001e+00
   1.9280001e+00
   1.9100001e+00
   1.9260001e+00
   1.7840002e+00
   1.8550001e+00
   1.7880001e+00
   1.8520001e+00
   1.7930001e+00
   1.7510002e+00
   1.5709999e+00
   1.7549999e+00
   1.7909999e+00
   1.7770000e+00
   1.4319999e+00
   1.3829999e+00
   1.4959999e+00
   1.6049999e+00
   1.6729999e+00
   1.4999999e+00
   1.5530000e+00
   1.6029999e+00
   1.5119998e+00
   1.4679999e+00
   1.6909999e+00
   1.8489999e+00
   1.7379999e+00
   1.6829998e+00
   1.6279999e+00
   1.3779999e+00
   1.0839999e+00
   1.1259999e+00
   1.7240000e+00
   1.5530000e+00
   1.6429999e+00
   1.7299999e+00
   1.6500000e+00
   1.5350000e+00
   1.4419999e+00
   1.2739999e+00
   1.2589999e+00
   1.2240000e+00
   1.1309999e+00
   1.6910000e+00
   1.5689999e+00
   1.7229999e+00
   1.5969999e+00
   1.5739999e+00
   1.4639999e+00
   1.4949999e+00
   1.6409999e+00
   1.5099999e+00
   1.4050000e+00
   1.6040001e+00
   1.5780001e+00
   1.5700001e+00
   1.7200001e+00
   1.6460001e+00
   1.5300001e+00
   1.5840001e+00
   1.4810001e+00
   1.9340001e+00
   1.8400002e+00
   1.5730001e+00
   1.7800000e+00
   1.5960000e+00
   1.7759999e+00
   1.7429999e+00
   1.7229999e+00
   1.5610000e+00
   1.5020000e+00
   1.3549999e+00
   1.5280000e+00
   1.5259999e+00
   1.8899999e+00
   1.9209999e+00
   2.1299999e+00
   1.8759999e+00
   1.7479999e+00
   1.6499999e+00
   1.7049999e+00
   1.7129999e+00
   1.7279999e+00
   1.6319999e+00
   1.9949999e+00
   1.8949999e+00
   2.0779998e+00
   1.8199999e+00
   1.8439999e+00
   1.7429999e+00
   1.9139999e+00
   1.6930000e+00
   1.5819999e+00
   1.9220001e+00
   1.8760000e+00
   1.8480000e+00
   1.8370000e+00
   1.9220001e+00
   1.4960001e+00
   1.6820000e+00
   1.5440000e+00
   1.6010001e+00
   1.9300001e+00
   1.6590000e+00
   1.9350001e+00
   1.8090000e+00
   1.6740000e+00
   1.7800000e+00
   1.6730000e+00
   1.6020000e+00
   1.4460000e+00
   1.9190000e+00
   1.8550000e+00
   2.0820000e+00
   2.0910001e+00
   1.8900000e+00
   2.1690001e+00
   1.7020000e+00
   1.4210000e+00
   1.2470000e+00
   1.9110000e+00
   2.0900002e+00
   2.0100000e+00
   1.8040000e+00
   1.7520001e+00
   1.7870001e+00
   1.4390000e+00
   1.0620000e+00
   6.8900001e-01
   1.9860001e+00
   1.7060001e+00
   1.7770001e+00
   1.6310000e+00
   1.4720000e+00
   1.1050000e+00
   9.2700005e-01
   7.5800002e-01
   1.7550000e+00
   1.7530000e+00
   1.4180000e+00
   1.1569999e+00
   1.0860000e+00
   1.3090000e+00
   1.2290000e+00
   8.5099995e-01
   1.0649999e+00
   1.6150001e+00
   1.9110001e+00
   1.9090002e+00
   1.6920002e+00
   1.7480001e+00
   1.8450001e+00
   1.8280001e+00
   1.5580000e+00
   1.5800000e+00
   1.4610000e+00
   1.4809999e+00
   1.4040000e+00
   1.4090000e+00
   1.2860000e+00
   1.2110000e+00
   1.6880000e+00
   1.5009999e+00
   1.3930000e+00
   1.3540000e+00
   1.5189999e+00
   1.4850000e+00
   1.6280000e+00
   1.4740001e+00
   1.5130000e+00
   1.3750000e+00
   1.6670001e+00
   1.5720000e+00
   1.5470001e+00
   1.6660000e+00
   1.8440001e+00
   1.3720001e+00
   1.3340000e+00
   1.1920000e+00
   1.4290000e+00
   1.8000001e+00
   1.2170000e+00
   1.2660000e+00
   1.3630000e+00
   1.4270000e+00
   1.6250000e+00
   1.3190000e+00
   1.4880000e+00
   1.5250001e+00
   1.4290000e+00
   1.7910000e+00
   1.9330001e+00
   1.6540000e+00
   1.4570000e+00
   1.8020000e+00
   1.4510001e+00
   1.3350002e+00
   1.2590001e+00
   1.2680001e+00
   1.3860002e+00
   1.4320002e+00
   1.6400001e+00
   1.4570001e+00
   1.2780001e+00
   1.9079999e+00
   1.9359999e+00
   1.9809999e+00
   1.7069999e+00
   1.8640000e+00
   1.5319999e+00
   1.3609999e+00
   1.5170000e+00
   1.4079999e+00
   1.4240000e+00
   1.5220001e+00
   1.4860001e+00
   1.2540001e+00
   1.4550000e+00
   1.1570001e+00
   1.0670000e+00
   1.0590001e+00
   8.6100006e-01
   1.4850000e+00
   1.5020001e+00
   1.4640001e+00
   1.4210000e+00
   1.2120000e+00
   1.1440001e+00
   1.0680001e+00
   9.1300005e-01
   5.2800006e-01
   1.3310000e+00
   1.3010000e+00
   9.5000005e-01
   8.2800001e-01
   9.0400004e-01
   9.5700002e-01
   1.0530000e+00
   1.2110000e+00
   1.2539999e+00
   1.6880000e+00
   1.4600000e+00
   1.5000000e+00
   1.1820000e+00
   1.1100000e+00
   1.2680000e+00
   1.6999999e+00
   1.5710000e+00
   1.6230000e+00
   1.2990000e+00
   1.7100000e+00
   1.8049999e+00
   1.5130000e+00
   1.5519999e+00
   1.9280000e+00
   1.6020000e+00
   1.4610000e+00
   1.3299999e+00
   1.6680000e+00
   1.6780000e+00
   1.5929999e+00
   1.3099999e+00
   9.6899998e-01
   1.2570000e+00
   1.1470000e+00
   1.0050000e+00
   9.0499997e-01
   7.3499995e-01
   9.7200006e-01
   9.3900001e-01
   9.0500003e-01
   1.3440000e+00
   1.0850000e+00
   1.1630000e+00
   1.0600001e+00
   1.2550000e+00
   9.2600006e-01
   1.1800001e+00
   1.0170001e+00
   7.4400002e-01
   4.2100003e-01
   3.3700004e-01
   1.2710000e+00
   1.2400000e+00
   9.7100008e-01
   1.1220001e+00
   1.0100001e+00
   1.0860001e+00
   1.0720000e+00
   1.0040001e+00
   1.2320001e+00
   9.2600006e-01
   9.9900007e-01
   7.2200006e-01
   1.0470001e+00
   1.4800000e+00
   1.2340000e+00
   1.1799999e+00
   1.0050000e+00
   1.2810000e+00
   1.0520000e+00
   1.3300000e+00
   1.4890000e+00
   9.2199999e-01
   1.3570000e+00
   8.4700000e-01
   1.1660000e+00
   1.2840000e+00
   7.4099994e-01
   8.6699998e-01
   8.2299995e-01
   9.1799998e-01
   1.3410000e+00
   1.5419999e+00
   1.4230000e+00
   1.3590000e+00
   1.0580000e+00
   1.3540000e+00
   9.1299993e-01
   7.9699993e-01
   1.4440000e+00
   1.0890000e+00
   1.4700000e+00
   1.5289999e+00
   1.2129999e+00
   1.3220000e+00
   1.1300000e+00
   1.0100000e+00
   1.1359999e+00
   9.3399996e-01
   9.6099997e-01
   1.1899999e+00
   1.2360001e+00
   1.2310001e+00
   9.0100002e-01
   1.0770000e+00
   1.1620001e+00
   1.3100001e+00
   1.2650000e+00
   1.0490000e+00
   1.4120001e+00
   1.3120000e+00
   1.1150000e+00
   8.5500002e-01
   1.1660000e+00
   6.4899999e-01
   9.5299995e-01
   1.0560000e+00
   6.6599995e-01
   7.3499995e-01
   1.1090000e+00
   7.8099996e-01
   7.5699997e-01
   9.7299999e-01
   7.8899997e-01
   9.4499999e-01
   1.3850000e+00
   6.2599999e-01
   7.2399998e-01
   1.0640000e+00
   5.5900002e-01
   6.2199998e-01
   5.6099999e-01
   8.1000000e-01
   2.0800000e-01
   1.3270000e+00
   1.2739999e+00
   1.1930000e+00
   1.3410000e+00
   9.3199998e-01
   1.0740000e+00
   7.6400000e-01
   9.4799995e-01
   5.0299996e-01
   1.0950000e+00
   9.0700006e-01
   1.0430001e+00
   1.0560000e+00
   1.2620001e+00
   8.3100003e-01
   5.6900007e-01
   8.0600005e-01
   4.5700005e-01
   1.2780000e+00
   5.1999998e-01
   6.9699997e-01
   4.6500000e-01
   1.0089999e+00
   3.3399999e-01
   4.7299999e-01
   1.0250000e+00
   6.4399999e-01
   7.1499997e-01
   1.1080000e+00
   7.0700002e-01
   7.3900002e-01
   1.0700001e+00
   1.1530000e+00
   1.0380000e+00
   1.2250000e+00
   1.0810000e+00
   8.4500003e-01
   8.9899999e-01
   1.2010000e+00
   1.2310001e+00
   1.0160000e+00
   8.1800002e-01
   7.3199999e-01
   1.1030000e+00
   7.8700000e-01
   5.3700000e-01
   8.4800005e-01
   4.9900001e-01
   5.2400005e-01
   9.9299997e-01
   1.0610000e+00
   7.1200001e-01
   5.0000000e-01
   4.3699998e-01
   5.9700000e-01
   5.2099997e-01
   5.9600002e-01
   1.8499999e-01
   2.0699999e-01
   1.4840001e+00
   1.1870000e+00
   1.1760000e+00
   1.2460001e+00
   9.6400005e-01
   8.4300005e-01
   7.4200004e-01
   1.1490000e+00
   9.3800002e-01
   7.5700003e-01
   1.3440000e+00
   1.4190000e+00
   1.6770000e+00
   1.3400000e+00
   1.4190000e+00
   1.2950000e+00
   1.4080000e+00
   1.0070000e+00
   7.5999999e-01
   5.2999997e-01
   1.0220001e+00
   1.1590000e+00
   1.1190001e+00
   1.1340001e+00
   1.4460000e+00
   1.2570001e+00
   8.9900005e-01
   7.2100002e-01
   5.8600003e-01
   6.3300002e-01
   5.4400003e-01
   1.0150000e+00
   7.4500000e-01
   8.7200004e-01
   6.6900003e-01
   6.3900000e-01
   6.4800000e-01
   7.6499999e-01
   5.4600000e-01
   1.3370000e+00
   9.1399997e-01
   9.0300000e-01
   1.0469999e+00
   7.4699998e-01
   1.1619999e+00
   6.9699997e-01
   9.4699997e-01
   2.0400001e-01
   3.2200003e-01
   4.9400002e-01
   2.2800002e-01
   3.0700001e-01
   5.2900004e-01
   5.4699999e-01
   7.7200001e-01
   1.0500001e+00
   6.5900004e-01
   6.9100004e-01
   5.1100004e-01
   4.8700005e-01
   6.6600007e-01
   8.1400001e-01
   2.9200003e-01
   6.4300007e-01
   1.0879999e+00
   1.0109999e+00
   9.7799999e-01
   6.7799997e-01
   7.8999996e-01
   5.5199999e-01
   7.0299995e-01
   4.8199996e-01
   5.7400000e-01
   8.3599997e-01
   8.7599999e-01
   6.7199999e-01
   7.9399997e-01
   3.0899999e-01
   5.0599998e-01
   2.0699997e-01
   3.7499997e-01
   5.2199996e-01
   7.3299998e-01
   4.6699998e-01
   7.4000001e-01
   6.3400000e-01
   6.8000001e-01
   8.2999998e-01
   7.6800001e-01
   5.2899998e-01
   5.0199997e-01
   5.6900001e-01
   7.5200003e-01
   4.5500001e-01
   5.4799998e-01
   3.2900000e-01
   6.3599998e-01
   5.7600003e-01
   6.4399999e-01
   6.2500000e-01
   8.7900001e-01
   3.5999998e-01
   5.4600000e-01
   5.6699997e-01
   3.1999999e-01
   3.3100000e-01
   2.6899999e-01
   3.0599999e-01
   3.6300001e-01
   4.6699998e-01
   5.0999999e-01
   7.7399999e-01
   6.2799996e-01
   1.9599998e-01
   6.7500001e-01
   6.5300000e-01
   4.5199999e-01
   2.7599999e-01
   7.1200001e-01
   6.4000005e-01
   6.0900003e-01
   5.7000005e-01
   6.9100004e-01
   7.2500002e-01
   3.2800004e-01
   4.8600003e-01
   3.8500005e-01
   8.2999998e-01
   8.3499998e-01
   7.0999998e-01
   7.4699998e-01
   5.5500001e-01
   6.3000000e-01
   4.9500000e-01
   2.8999999e-01
   2.8299999e-01
   2.3299995e-01
   3.8699996e-01
   5.4399997e-01
   2.7799997e-01
   5.2499998e-01
   1.2099995e-01
   1.6499996e-01
   2.4899995e-01
   5.0699997e-01
   8.4899998e-01
   9.6000004e-01
   1.0650001e+00
   6.2000006e-01
   8.4500003e-01
   8.7700003e-01
   9.7700006e-01
   1.0230000e+00
   7.6500005e-01
   9.1800004e-01
   7.0700002e-01
   7.7399999e-01
   8.0500001e-01
   6.1400002e-01
   7.3199999e-01
   7.5800002e-01
   9.7399998e-01
   1.0440000e+00
   1.0460000e+00
   1.1470000e+00
   1.4770000e+00
   1.2300000e+00
   1.0860001e+00
   1.4230001e+00
   1.3450001e+00
   1.0450001e+00
   1.3940001e+00
   1.0510001e+00
   1.2120001e+00
   8.8200009e-01
   1.1830001e+00
   1.3250000e+00
   9.3100011e-01
   9.4900000e-01
   8.3399999e-01
   1.1480000e+00
   9.2600000e-01
   8.6600000e-01
   8.9599997e-01
   5.3899997e-01
   4.0699998e-01
   6.9699997e-01
   5.9999996e-01
   8.9800000e-01
   6.7599994e-01
   1.1299999e+00
   8.3199990e-01
   8.7299991e-01
   8.4899992e-01
   6.7799991e-01
   8.0999994e-01
   5.3099990e-01
   7.8799993e-01
   8.0499995e-01
   8.7499994e-01
   1.3860000e+00
   9.5000005e-01
   7.3200005e-01
   8.6000001e-01
   9.7200006e-01
   1.1270001e+00
   1.3720001e+00
   1.1330000e+00
   5.7000005e-01
   7.9100007e-01
   7.0100003e-01
   9.2500007e-01
   1.0870000e+00
   1.3450000e+00
   1.0240000e+00
   1.0510001e+00
   1.3220000e+00
   1.0950000e+00
   7.4000007e-01
   1.1700001e+00
   1.0050001e+00
   1.0560001e+00
   1.1290001e+00
   1.1320000e+00
   8.6900002e-01
   1.2080001e+00
   1.1380000e+00
   1.0320001e+00
   7.2700000e-01
   1.1500000e+00
   1.3180001e+00
   1.0230000e+00
   9.3900001e-01
   6.1100000e-01
   6.7000002e-01
   4.5500001e-01
   7.5700003e-01
   7.9500002e-01
   5.2500004e-01
   5.0500000e-01
   7.1500003e-01
   1.5870000e+00
   1.4310000e+00
   1.4030000e+00
   1.2700001e+00
   1.5260000e+00
   1.2870001e+00
   1.2770001e+00
   1.3480000e+00
   1.3140000e+00
   9.3200004e-01
   1.2150000e+00
   1.4700000e+00
   1.3370000e+00
   1.3060000e+00
   1.3430001e+00
   1.4200001e+00
   1.3870001e+00
   1.2169999e+00
   1.1439999e+00
   1.3870000e+00
   1.0159999e+00
   1.1339999e+00
   6.7799991e-01
   1.0209999e+00
   8.4599990e-01
   8.4699994e-01
   9.5700002e-01
   1.3270000e+00
   1.0440000e+00
   7.9400003e-01
   1.3900000e+00
   1.0330000e+00
   9.3800002e-01
   9.1299999e-01
   1.3290000e+00
   1.0840000e+00
   7.7600002e-01
   8.1500006e-01
   8.7000000e-01
   5.8000004e-01
   6.9000006e-01
   8.0800003e-01
   9.7300005e-01
   5.7800001e-01
   1.0690000e+00
   9.3100005e-01
   5.7400000e-01
   1.0400001e+00
   7.4800003e-01
   9.5900005e-01
   1.2370000e+00
   8.7900001e-01
   1.3040000e+00
   9.9900007e-01
   7.5300008e-01
   1.2370001e+00
   9.4400007e-01
   1.0730001e+00
   9.3200004e-01
   7.1300006e-01
   6.5100008e-01
   6.7700005e-01
   9.3299997e-01
   7.6099998e-01
   9.5700002e-01
   6.4700001e-01
   1.0510000e+00
   9.2299998e-01
   9.6399999e-01
   1.2090000e+00
   8.5699999e-01
   7.2299999e-01
   1.1250000e+00
   1.0800000e+00
   1.1740000e+00
   1.1300000e+00
   8.9500004e-01
   9.3300003e-01
   6.9900006e-01
   1.1280000e+00
   9.5700002e-01
   8.6800003e-01
   8.3900005e-01
   8.4900004e-01
   1.0610000e+00
   1.3650000e+00
   1.2350000e+00
   1.4690000e+00
   1.1590000e+00
   7.8800005e-01
   1.0590000e+00
   8.1400001e-01
   8.8700002e-01
   9.1400003e-01
   9.4500005e-01
   1.0540000e+00
   8.0000007e-01
   1.0920000e+00
   8.4400004e-01
   7.3000002e-01
   8.9600003e-01
   7.5000000e-01
   8.9700001e-01
   9.6200001e-01
   1.3060000e+00
   1.1490000e+00
   1.0400001e+00
   1.0460000e+00
   7.2600001e-01
   6.7000002e-01
   8.4299994e-01
   7.1399993e-01
   4.6499994e-01
   7.7399993e-01
   4.8799995e-01
   4.3099993e-01
   4.8099995e-01
   5.2699995e-01
   4.1099995e-01
   7.7099997e-01
   6.4199996e-01
   1.1660000e+00
   9.1999996e-01
   7.3499995e-01
   8.4499997e-01
   8.6199999e-01
   8.8199997e-01
   7.8799999e-01
   1.1690000e+00
   1.2320000e+00
   9.7899997e-01
   1.0089999e+00
   1.1820000e+00
   1.0640000e+00
   6.4700001e-01
   8.0599999e-01
   8.3300000e-01
   7.7199996e-01
   6.5699995e-01
   7.9899997e-01
   8.1999993e-01
   1.0150000e+00
   9.3599999e-01
   8.7699997e-01
   1.0549999e+00
   8.2399994e-01
   1.1270000e+00
   9.1600001e-01
   7.0200002e-01
   6.3000000e-01
   5.3900003e-01
   1.0810000e+00
   7.5700003e-01
   6.4800000e-01
   9.4900000e-01
   1.1260000e+00
   1.0400001e+00
   5.8600003e-01
   8.5600007e-01
   1.2020000e+00
   1.1000000e+00
   8.5700005e-01
   6.4600003e-01
   7.9800004e-01
   1.1880001e+00
   1.3629999e+00
   1.6370000e+00
   1.2420000e+00
   1.3449999e+00
   1.0230000e+00
   9.3799996e-01
   7.8899997e-01
   5.7499993e-01
   7.8199995e-01
   1.0489999e+00
   1.2460001e+00
   1.4860001e+00
   1.6190001e+00
   1.3590001e+00
   1.3890001e+00
   1.2040000e+00
   1.0490000e+00
   6.1100006e-01
   5.4800004e-01
   7.1500003e-01
   3.4700006e-01
   1.2350000e+00
   1.4990000e+00
   1.4070001e+00
   1.5490000e+00
   1.5470001e+00
   1.3090000e+00
   1.1700000e+00
   1.3700000e+00
   1.1860000e+00
   5.8300000e-01
   5.4500002e-01
   6.8400002e-01
   1.1040000e+00
   1.2459999e+00
   1.1619999e+00
   1.1980000e+00
   1.3000000e+00
   9.8499995e-01
   8.5899997e-01
   8.6699992e-01
   1.0189999e+00
   5.9999996e-01
   8.3699995e-01
   5.7299995e-01
   1.1700000e+00
   9.3499994e-01
   8.6899996e-01
   1.2440000e+00
   1.0389999e+00
   1.0569999e+00
   1.0790000e+00
   1.2309999e+00
   1.1159999e+00
   1.1899999e+00
   9.6499997e-01
   8.2999998e-01
   1.2060001e+00
   1.0790000e+00
   1.4720000e+00
   9.2800003e-01
   8.3000004e-01
   7.7700007e-01
   8.9100003e-01
   8.6100006e-01
   1.0720000e+00
   1.1340001e+00
   9.8100007e-01
   8.5600007e-01
   1.2550000e+00
   1.2880000e+00
   8.9899999e-01
   1.2190000e+00
   9.4999999e-01
   5.2399999e-01
   5.5699998e-01
   9.8699999e-01
   7.8000003e-01
   8.1599998e-01
   7.3400003e-01
   6.9999999e-01
   1.0330000e+00
   1.0250000e+00
   1.0840000e+00
   9.9599993e-01
   1.5549999e+00
   1.1619999e+00
   1.2210000e+00
   1.0500000e+00
   1.0350000e+00
   1.2119999e+00
   8.6599994e-01
   7.9299992e-01
   1.0690000e+00
   1.2609999e+00
   1.1780000e+00
   1.0309999e+00
   1.0289999e+00
   1.6880000e+00
   8.3499998e-01
   1.3700000e+00
   1.4210000e+00
   9.4399995e-01
   9.7799999e-01
   1.2500000e+00
   1.2329999e+00
   1.2579999e+00
   9.1799998e-01
   1.0829999e+00
   1.3579999e+00
   8.7899995e-01
   1.2199999e+00
   9.3799996e-01
   5.2499998e-01
   7.1199995e-01
   5.7299995e-01
   3.3999994e-01
   1.3730000e+00
   1.4430001e+00
   1.1270001e+00
   1.0100001e+00
   9.9900007e-01
   9.8000008e-01
   1.4040000e+00
   8.7100005e-01
   8.3300006e-01
   9.1300005e-01
   7.0000005e-01
   8.5000002e-01
   1.2509999e+00
   1.3149999e+00
   1.2570000e+00
   1.3039999e+00
   8.4299994e-01
   9.6899992e-01
   7.6099992e-01
   8.1099993e-01
   6.8999994e-01
   6.2699991e-01
   8.1799996e-01
   5.8199996e-01
   8.2500005e-01
   8.3000004e-01
   9.3100005e-01
   6.6700006e-01
   6.5300006e-01
   5.5100006e-01
   7.5000006e-01
   8.1100005e-01
   1.2800004e-01
   3.2100004e-01
   4.7900003e-01
   9.8900002e-01
   8.6100006e-01
   1.1030000e+00
   9.5300001e-01
   9.3200004e-01
   1.1720001e+00
   7.6500005e-01
   1.0760001e+00
   7.4800003e-01
   8.5600007e-01
   6.4400005e-01
   9.4899994e-01
   9.0999997e-01
   5.9699994e-01
   6.4199996e-01
   7.3899996e-01
   7.1899992e-01
   6.6199994e-01
   5.2599996e-01
   8.2999992e-01
   6.5999997e-01
   5.3099996e-01
   6.7100000e-01
   8.8000000e-01
   1.0239999e+00
   1.0360000e+00
   7.4500000e-01
   7.6999998e-01
   6.9599998e-01
   3.5200000e-01
   3.2400000e-01
   2.4899998e-01
   9.5299995e-01
   7.9299998e-01
   7.5999999e-01
   9.4399995e-01
   7.0599997e-01
   7.6400000e-01
   9.6399999e-01
   7.1999997e-01
   3.3999997e-01
   5.9999702e-03
   7.6300001e-01
   8.9200002e-01
   1.2300000e+00
   1.1120000e+00
   8.3400005e-01
   6.4800000e-01
   5.4200006e-01
   5.2700001e-01
   3.9200002e-01
   4.3300003e-01
   5.0000027e-02
   5.9200001e-01
   7.2299999e-01
   6.9499999e-01
   6.2299997e-01
   4.4499999e-01
   6.3400000e-01
   4.6700001e-01
   1.2699999e-01
  -8.5000008e-02
   3.6199999e-01
   2.9800001e-01
   7.0099998e-01
   5.2499998e-01
   5.8300000e-01
   5.5799997e-01
   6.3299996e-01
   4.3199998e-01
   4.4499999e-01
  -2.5000003e-01
   1.6399999e-01
   3.5900000e-01
   1.0410000e+00
   7.3100001e-01
   9.1900003e-01
   5.9300005e-01
   7.7900004e-01
   3.5100001e-01
   6.5000004e-01
   4.9400002e-01
   1.5200002e-01
   1.9100003e-01
   7.7200001e-01
   9.4700003e-01
   4.6900001e-01
   5.8600003e-01
   4.3500003e-01
   5.0600004e-01
   7.3900002e-01
   3.5600004e-01
   5.0200003e-01
   3.9500004e-01
   9.6699995e-01
   6.3299996e-01
   9.2599994e-01
   1.0460000e+00
   7.6399994e-01
   1.0359999e+00
   5.5399996e-01
   5.6899995e-01
   4.2599994e-01
   5.2799994e-01
   4.9800000e-01
   6.0200000e-01
   7.0899999e-01
   4.9800000e-01
   2.3600000e-01
   4.3799999e-01
   5.0099999e-01
   5.1800001e-01
   7.3799998e-01
   4.5899999e-01
   3.5400000e-01
   6.4700001e-01
   5.8999997e-01
   2.7500001e-01
   1.6800000e-01
   5.7099998e-01
   6.2500000e-01
   9.8999992e-02
   1.3240000e+00
   1.1440001e+00
   8.5500008e-01
   1.1620001e+00
   8.8800007e-01
   6.7800003e-01
   7.3600006e-01
   5.2800006e-01
   8.9500004e-01
   1.0270001e+00
   7.8900003e-01
   9.3900007e-01
   4.9500006e-01
   4.1200006e-01
   6.5600008e-01
   9.6400005e-01
   7.2600007e-01
   7.0700008e-01
   8.9400005e-01
   5.8700001e-01
   3.7500003e-01
   7.6200002e-01
   8.5200000e-01
   8.0500001e-01
   4.8400003e-01
   7.0400000e-01
   5.3300005e-01
   1.0280000e+00
   3.1099996e-01
   4.4099995e-01
   1.6899996e-01
   3.8299996e-01
   6.0499996e-01
  -2.7000040e-02
   1.2799996e-01
   3.2299995e-01
  -6.7000039e-02
   3.8199997e-01
   3.4299999e-01
   4.8299998e-01
   3.7999984e-02
   3.1199998e-01
   3.9299998e-01
   2.6599997e-01
   4.4799998e-01
   4.3499997e-01
  -1.5600002e-01
  -3.1100002e-01
   4.3599999e-01
   6.1299998e-01
   6.1000001e-01
   7.0999995e-02
   2.0600000e-01
   5.6300002e-01
   3.8400000e-01
   5.2600002e-01
   6.8400002e-01
   4.2699999e-01
   3.2999995e-01
   6.6899997e-01
   5.7599998e-01
   8.2999998e-01
   6.6099995e-01
   9.2499995e-01
   5.7199997e-01
   3.1199995e-01
   6.2999994e-01
   5.3999996e-01
   3.9200002e-01
   4.8200002e-01
   1.9800001e-01
   1.9500001e-01
   8.9000009e-02
   1.1200001e-01
   1.8700001e-01
   2.6300001e-01
   3.7000000e-01
   3.6100000e-01
   5.2899998e-01
   9.3000001e-01
   6.1699998e-01
   7.3000002e-01
   4.7600001e-01
   5.6300002e-01
   9.0000004e-01
   5.5900002e-01
   7.9299998e-01
   6.7500001e-01
   6.3700002e-01
   1.3390000e+00
   7.9699999e-01
   7.8399998e-01
   4.0399998e-01
   5.0500000e-01
   3.9499998e-01
   3.3399999e-01
   5.0999999e-01
   5.4399997e-01
   6.7299998e-01
   8.5399997e-01
   8.2699996e-01
   6.3699996e-01
   7.2899997e-01
   8.9499998e-01
   7.3799998e-01
   1.0319999e+00
   8.2899994e-01
   6.5999997e-01
   8.1199998e-01
   7.4800003e-01
   6.8000001e-01
   7.7600002e-01
   1.2010000e+00
   7.2400004e-01
   8.2300001e-01
   5.2200001e-01
   1.1320000e+00
   9.0000004e-01
   3.0400002e-01
   7.5699997e-01
   8.9899999e-01
   1.0039999e+00
   9.1200000e-01
   9.4699997e-01
   9.6199995e-01
   1.0059999e+00
   7.1799999e-01
   8.5899997e-01
   2.8999996e-01
   9.7299999e-01
   5.1300001e-01
   7.8299999e-01
   6.2300003e-01
   6.9999999e-01
   7.5800002e-01
   4.9900001e-01
   6.5799999e-01
   5.9299999e-01
   6.0100001e-01
   6.2500000e-01
   7.2299999e-01
   6.0099995e-01
   9.6499997e-01
   5.0999999e-01
   7.0299995e-01
   7.5399995e-01
   6.0999995e-01
   2.9899997e-01
   4.3299997e-01
   7.5900000e-01
   7.9200000e-01
   6.6599995e-01
   6.3000000e-01
   4.4699997e-01
   6.6899997e-01
   4.4699997e-01
   2.9999998e-01
   3.6599997e-01
   5.5100000e-01
   5.4299998e-01
   2.4599998e-01
   6.9299996e-01
   8.1799996e-01
   3.8099998e-01
   1.0779999e+00
   1.1780000e+00
   1.1669999e+00
   6.4099997e-01
   8.2099998e-01
   6.8699998e-01
   8.1000000e-01
   6.4199996e-01
   7.9100007e-01
   9.5200008e-01
   9.1200006e-01
   5.9800005e-01
   4.7700006e-01
   4.7900006e-01
   5.8300006e-01
   5.5400008e-01
   1.3600005e-01
   6.1200005e-01
   5.2900004e-01
   5.6199998e-01
   7.7899992e-01
   6.5299994e-01
   6.9999993e-01
   7.5399995e-01
   7.4099994e-01
   6.6699994e-01
   2.9599994e-01
   7.7499998e-01
   8.5599995e-01
   9.1200000e-01
   7.0599997e-01
   8.8499999e-01
   6.7099994e-01
   4.6799996e-01
   6.4699996e-01
   7.0299995e-01
   9.7799999e-01
   4.9699998e-01
   7.0199996e-01
   6.2800002e-01
   7.0800000e-01
   1.1550000e+00
   1.3110000e+00
   1.1880000e+00
   8.5699999e-01
   9.0500003e-01
   9.3700004e-01
   1.0780001e+00
   8.3200002e-01
   6.5900004e-01
   1.1140000e+00
   4.5699999e-01
   1.0940000e+00
   4.5300001e-01
   7.5400001e-01
   7.9900002e-01
   9.3099999e-01
   8.2599998e-01
   7.1999997e-01
   4.4999999e-01
   5.6400001e-01
   1.0180000e+00
   9.9800003e-01
   7.3600000e-01
   9.7799999e-01
   6.1900002e-01
   7.9100001e-01
   1.1740000e+00
   5.7700002e-01
   6.5200001e-01
   6.0900003e-01
   6.6200000e-01
   6.3400006e-01
   1.1790000e+00
   1.0990001e+00
   7.2600007e-01
   9.9500006e-01
   9.4100004e-01
   7.3600006e-01
   9.7000003e-01
   8.9400005e-01
   1.0900000e+00
   7.6700008e-01
   9.9600005e-01
   8.0400002e-01
   9.6900004e-01
   1.1520001e+00
   1.2930000e+00
   1.3460001e+00
   1.2150000e+00
   1.1230000e+00
   1.4130000e+00
   1.3230001e+00
   8.9400005e-01
   4.9900001e-01
   1.0750000e+00
   7.1399999e-01
   7.9200000e-01
   7.8100002e-01
   1.0940000e+00
   9.6399999e-01
   9.4800001e-01
   1.0380000e+00
   1.1160001e+00
   1.1090000e+00
   7.1300006e-01
   9.0000004e-01
   6.7400002e-01
   7.4700004e-01
   1.1090001e+00
   9.9400002e-01
   1.0060000e+00
   1.0900000e+00
   1.2320000e+00
   1.2090000e+00
   1.1230000e+00
   1.2180001e+00
   9.3599999e-01
   1.1990000e+00
   1.1630000e+00
   1.0370001e+00
   1.1760000e+00
   8.9999998e-01
   1.6020000e+00
   1.3270000e+00
   9.8100001e-01
   1.1430000e+00
   9.6899998e-01
   9.8099995e-01
   1.2860000e+00
   1.1120000e+00
   1.1079999e+00
   1.0389999e+00
   1.2040000e+00
   1.0139999e+00
   1.1309999e+00
   1.1059999e+00
   1.1400000e+00
   1.2869999e+00
   1.1590000e+00
   1.1400000e+00
   1.0530000e+00
   1.5390000e+00
   1.1050000e+00
   1.3379999e+00
   1.3659999e+00
   1.1129999e+00
   9.5599997e-01
   1.3809999e+00
   1.2500000e+00
   1.1480000e+00
   1.1639999e+00
   7.6099998e-01
   1.3870001e+00
   9.9700004e-01
   1.0490000e+00
   1.0960001e+00
   1.4370000e+00
   1.5490000e+00
   1.1530000e+00
   1.4440000e+00
   1.4600000e+00
   1.1030000e+00
   1.1430000e+00
   1.1320000e+00
   1.0060000e+00
   9.0200001e-01
