  -8.1999999e-01
  -1.3200000e+00
  -1.8200000e+00
  -2.3200000e+00
  -2.8200000e+00
  -3.3200000e+00
  -3.8200000e+00
  -4.3200000e+00
  -8.1999999e-01
  -1.3200000e+00
  -1.8200000e+00
  -2.3200000e+00
  -2.8200000e+00
  -3.3200000e+00
  -3.8200000e+00
  -4.3200000e+00
  -8.1999999e-01
  -1.3200000e+00
  -1.8200000e+00
  -2.3200000e+00
  -2.8200000e+00
  -3.3200000e+00
  -3.8200000e+00
  -4.3200000e+00
  -8.1999999e-01
  -1.3200000e+00
  -1.8200000e+00
  -2.3200000e+00
  -2.8200000e+00
  -3.3200000e+00
  -3.8200000e+00
  -4.3200000e+00
  -8.1999999e-01
  -1.3200000e+00
  -1.8200000e+00
  -2.3200000e+00
  -2.8200000e+00
  -3.3200000e+00
  -3.8200000e+00
  -4.3200000e+00
  -8.1999999e-01
  -1.3200000e+00
  -1.8200000e+00
  -2.3200000e+00
  -2.8200000e+00
  -3.3200000e+00
  -3.8200000e+00
  -4.3200000e+00
  -8.1999999e-01
  -1.3200000e+00
  -1.8200000e+00
  -2.3200000e+00
  -2.8200000e+00
  -3.3200000e+00
  -3.8200000e+00
  -4.3200000e+00
  -8.1999999e-01
  -1.3200000e+00
  -1.8200000e+00
  -2.3200000e+00
  -2.8200000e+00
  -3.3200000e+00
  -3.8200000e+00
  -4.3200000e+00
  -8.1999999e-01
  -1.3200000e+00
  -1.8200000e+00
  -2.3200000e+00
  -2.8200000e+00
  -3.3200000e+00
  -3.8200000e+00
  -4.3200000e+00
  -8.1999999e-01
  -1.3200000e+00
  -1.8200000e+00
  -2.3200000e+00
  -2.8200000e+00
  -3.3200000e+00
  -3.8200000e+00
  -4.3200000e+00
  -8.1999999e-01
  -1.3200000e+00
  -1.8200000e+00
  -2.3200000e+00
  -2.8200000e+00
  -3.3200000e+00
  -3.8200000e+00
  -4.3200000e+00
  -8.1999999e-01
  -1.3200000e+00
  -1.8200000e+00
  -2.3200000e+00
  -2.8200000e+00
  -3.3200000e+00
  -3.8200000e+00
  -4.3200000e+00
  -8.1999999e-01
  -1.3200000e+00
  -1.8200000e+00
  -2.3200000e+00
  -2.8200000e+00
  -3.3200000e+00
  -3.8200000e+00
  -4.3200000e+00
  -8.1999999e-01
  -1.3200000e+00
  -1.8200000e+00
  -2.3200000e+00
  -2.8200000e+00
  -3.3200000e+00
  -3.8200000e+00
  -8.1999999e-01
  -1.3200000e+00
  -1.8200000e+00
  -2.3200000e+00
  -2.8200000e+00
  -3.3200000e+00
  -3.8200000e+00
  -4.3200000e+00
  -4.8200000e+00
  -8.1999999e-01
  -1.3200000e+00
  -1.8200000e+00
  -2.3200000e+00
  -2.8200000e+00
  -3.3200000e+00
  -3.8200000e+00
  -4.3200000e+00
  -4.8200000e+00
  -8.1999999e-01
  -1.3200000e+00
  -1.8200000e+00
  -2.3200000e+00
  -2.8200000e+00
  -3.3200000e+00
  -3.8200000e+00
  -4.3200000e+00
  -4.8200000e+00
  -8.1999999e-01
  -1.3200000e+00
  -1.8200000e+00
  -2.3200000e+00
  -2.8200000e+00
  -3.3200000e+00
  -3.8200000e+00
  -4.3200000e+00
  -4.8200000e+00
  -8.1999999e-01
  -1.3200000e+00
  -1.8200000e+00
  -2.3200000e+00
  -2.8200000e+00
  -3.3200000e+00
  -3.8200000e+00
  -4.3200000e+00
  -4.8200000e+00
  -8.1999999e-01
  -1.3200000e+00
  -1.8200000e+00
  -2.3200000e+00
  -2.8200000e+00
  -3.3200000e+00
  -3.8200000e+00
  -4.3200000e+00
  -4.8200000e+00
  -8.1999999e-01
  -1.3200000e+00
  -1.8200000e+00
  -2.3200000e+00
  -2.8200000e+00
  -3.3200000e+00
  -3.8200000e+00
  -4.3200000e+00
  -4.8200000e+00
  -5.3200000e+00
  -8.1999999e-01
  -1.3200000e+00
  -1.8200000e+00
  -2.3200000e+00
  -2.8200000e+00
  -3.3200000e+00
  -3.8200000e+00
  -4.3200000e+00
  -4.8200000e+00
  -5.3200000e+00
  -8.1999999e-01
  -1.3200000e+00
  -1.8200000e+00
  -2.3200000e+00
  -2.8200000e+00
  -3.3200000e+00
  -3.8200000e+00
  -4.3200000e+00
  -4.8200000e+00
  -5.3200000e+00
  -8.1999999e-01
  -1.3200000e+00
  -1.8200000e+00
  -2.3200000e+00
  -2.8200000e+00
  -3.3200000e+00
  -3.8200000e+00
  -4.3200000e+00
  -4.8200000e+00
  -5.3200000e+00
  -8.1999999e-01
  -1.3200000e+00
  -1.8200000e+00
  -2.3200000e+00
  -2.8200000e+00
  -3.3200000e+00
  -3.8200000e+00
  -4.3200000e+00
  -4.8200000e+00
  -5.3200000e+00
  -8.1999999e-01
  -1.3200000e+00
  -1.8200000e+00
  -2.3200000e+00
  -2.8200000e+00
  -3.3200000e+00
  -3.8200000e+00
  -4.3200000e+00
  -4.8200000e+00
  -5.3200000e+00
  -8.1999999e-01
  -1.3200000e+00
  -1.8200000e+00
  -2.3200000e+00
  -2.8200000e+00
  -3.3200000e+00
  -3.8200000e+00
  -4.3200000e+00
  -4.8200000e+00
  -5.3200000e+00
  -8.1999999e-01
  -1.3200000e+00
  -1.8200000e+00
  -2.3200000e+00
  -2.8200000e+00
  -3.3200000e+00
  -3.8200000e+00
  -4.3200000e+00
  -4.8200000e+00
  -5.3200000e+00
  -8.1999999e-01
  -1.3200000e+00
  -1.8200000e+00
  -2.3200000e+00
  -2.8200000e+00
  -3.3200000e+00
  -3.8200000e+00
  -4.3200000e+00
  -4.8200000e+00
  -5.3200000e+00
  -8.1999999e-01
  -1.3200000e+00
  -1.8200000e+00
  -2.3200000e+00
  -2.8200000e+00
  -3.3200000e+00
  -3.8200000e+00
  -4.3200000e+00
  -4.8200000e+00
  -5.3200000e+00
  -8.1999999e-01
  -1.3200000e+00
  -1.8200000e+00
  -2.3200000e+00
  -2.8200000e+00
  -3.3200000e+00
  -3.8200000e+00
  -4.3200000e+00
  -4.8200000e+00
  -8.1999999e-01
  -1.3200000e+00
  -1.8200000e+00
  -2.3200000e+00
  -2.8200000e+00
  -3.3200000e+00
  -3.8200000e+00
  -4.3200000e+00
  -4.8200000e+00
  -8.1999999e-01
  -1.3200000e+00
  -1.8200000e+00
  -2.3200000e+00
  -2.8200000e+00
  -3.3200000e+00
  -3.8200000e+00
  -4.3200000e+00
  -4.8200000e+00
  -8.1999999e-01
  -1.3200000e+00
  -1.8200000e+00
  -2.3200000e+00
  -2.8200000e+00
  -3.3200000e+00
  -3.8200000e+00
  -4.3200000e+00
  -4.8200000e+00
  -5.3200000e+00
  -8.1999999e-01
  -1.3200000e+00
  -1.8200000e+00
  -2.3200000e+00
  -2.8200000e+00
  -3.3200000e+00
  -3.8200000e+00
  -4.3200000e+00
  -4.8200000e+00
  -5.3200000e+00
  -8.1999999e-01
  -1.3200000e+00
  -1.8200000e+00
  -2.3200000e+00
  -2.8200000e+00
  -3.3200000e+00
  -3.8200000e+00
  -4.3200000e+00
  -4.8200000e+00
  -5.3200000e+00
  -8.1999999e-01
  -1.3200000e+00
  -1.8200000e+00
  -2.3200000e+00
  -2.8200000e+00
  -3.3200000e+00
  -3.8200000e+00
  -4.3200000e+00
  -4.8200000e+00
  -5.3200000e+00
  -8.1999999e-01
  -1.3200000e+00
  -1.8200000e+00
  -2.3200000e+00
  -2.8200000e+00
  -3.3200000e+00
  -3.8200000e+00
  -4.3200000e+00
  -4.8200000e+00
  -5.3200000e+00
  -5.8200000e+00
  -8.1999999e-01
  -1.3200000e+00
  -1.8200000e+00
  -2.3200000e+00
  -2.8200000e+00
  -3.3200000e+00
  -3.8200000e+00
  -4.3200000e+00
  -4.8200000e+00
  -5.3200000e+00
  -5.8200000e+00
  -8.1999999e-01
  -1.3200000e+00
  -1.8200000e+00
  -2.3200000e+00
  -2.8200000e+00
  -3.3200000e+00
  -3.8200000e+00
  -4.3200000e+00
  -4.8200000e+00
  -5.3200000e+00
  -5.8200000e+00
  -8.1999999e-01
  -1.3200000e+00
  -1.8200000e+00
  -2.3200000e+00
  -2.8200000e+00
  -3.3200000e+00
  -3.8200000e+00
  -4.3200000e+00
  -4.8200000e+00
  -5.3200000e+00
  -5.8200000e+00
  -8.1999999e-01
  -1.3200000e+00
  -1.8200000e+00
  -2.3200000e+00
  -2.8200000e+00
  -3.3200000e+00
  -3.8200000e+00
  -4.3200000e+00
  -4.8200000e+00
  -5.3200000e+00
  -5.8200000e+00
  -6.3200000e+00
  -8.1999999e-01
  -1.3200000e+00
  -1.8200000e+00
  -2.3200000e+00
  -2.8200000e+00
  -3.3200000e+00
  -3.8200000e+00
  -4.3200000e+00
  -4.8200000e+00
  -5.3200000e+00
  -5.8200000e+00
  -6.3200000e+00
  -8.1999999e-01
  -1.3200000e+00
  -1.8200000e+00
  -2.3200000e+00
  -2.8200000e+00
  -3.3200000e+00
  -3.8200000e+00
  -4.3200000e+00
  -4.8200000e+00
  -5.3200000e+00
  -5.8200000e+00
  -6.3200000e+00
  -6.8200000e+00
  -8.1999999e-01
  -1.3200000e+00
  -1.8200000e+00
  -2.3200000e+00
  -2.8200000e+00
  -3.3200000e+00
  -3.8200000e+00
  -4.3200000e+00
  -4.8200000e+00
  -5.3200000e+00
  -5.8200000e+00
  -6.3200000e+00
  -6.8200000e+00
  -8.1999999e-01
  -1.3200000e+00
  -1.8200000e+00
  -2.3200000e+00
  -2.8200000e+00
  -3.3200000e+00
  -3.8200000e+00
  -4.3200000e+00
  -4.8200000e+00
  -5.3200000e+00
  -5.8200000e+00
  -6.3200000e+00
  -6.8200000e+00
  -7.3200000e+00
  -8.1999999e-01
  -1.3200000e+00
  -1.8200000e+00
  -2.3200000e+00
  -2.8200000e+00
  -3.3200000e+00
  -3.8200000e+00
  -4.3200000e+00
  -4.8200000e+00
  -5.3200000e+00
  -5.8200000e+00
  -6.3200000e+00
  -6.8200000e+00
  -7.3200000e+00
  -8.1999999e-01
  -1.3200000e+00
  -1.8200000e+00
  -2.3200000e+00
  -2.8200000e+00
  -3.3200000e+00
  -3.8200000e+00
  -4.3200000e+00
  -4.8200000e+00
  -5.3200000e+00
  -5.8200000e+00
  -6.3200000e+00
  -6.8200000e+00
  -7.3200000e+00
  -8.1999999e-01
  -1.3200000e+00
  -1.8200000e+00
  -2.3200000e+00
  -2.8200000e+00
  -3.3200000e+00
  -3.8200000e+00
  -4.3200000e+00
  -4.8200000e+00
  -5.3200000e+00
  -5.8200000e+00
  -6.3200000e+00
  -6.8200000e+00
  -7.3200000e+00
  -8.1999999e-01
  -1.3200000e+00
  -1.8200000e+00
  -2.3200000e+00
  -2.8200000e+00
  -3.3200000e+00
  -3.8200000e+00
  -4.3200000e+00
  -4.8200000e+00
  -5.3200000e+00
  -5.8200000e+00
  -6.3200000e+00
  -6.8200000e+00
  -7.3200000e+00
  -7.8200000e+00
  -8.1999999e-01
  -1.3200000e+00
  -1.8200000e+00
  -2.3200000e+00
  -2.8200000e+00
  -3.3200000e+00
  -3.8200000e+00
  -4.3200000e+00
  -4.8200000e+00
  -5.3200000e+00
  -5.8200000e+00
  -6.3200000e+00
  -6.8200000e+00
  -7.3200000e+00
  -7.8200000e+00
  -8.1999999e-01
  -1.3200000e+00
  -1.8200000e+00
  -2.3200000e+00
  -2.8200000e+00
  -3.3200000e+00
  -3.8200000e+00
  -4.3200000e+00
  -4.8200000e+00
  -5.3200000e+00
  -5.8200000e+00
  -6.3200000e+00
  -6.8200000e+00
  -7.3200000e+00
  -8.1999999e-01
  -1.3200000e+00
  -1.8200000e+00
  -2.3200000e+00
  -2.8200000e+00
  -3.3200000e+00
  -3.8200000e+00
  -4.3200000e+00
  -4.8200000e+00
  -5.3200000e+00
  -5.8200000e+00
  -6.3200000e+00
  -6.8200000e+00
  -7.3200000e+00
  -8.1999999e-01
  -1.3200000e+00
  -1.8200000e+00
  -2.3200000e+00
  -2.8200000e+00
  -3.3200000e+00
  -3.8200000e+00
  -4.3200000e+00
  -4.8200000e+00
  -5.3200000e+00
  -5.8200000e+00
  -6.3200000e+00
  -6.8200000e+00
  -7.3200000e+00
  -7.8200000e+00
  -8.1999999e-01
  -1.3200000e+00
  -1.8200000e+00
  -2.3200000e+00
  -2.8200000e+00
  -3.3200000e+00
  -3.8200000e+00
  -4.3200000e+00
  -4.8200000e+00
  -5.3200000e+00
  -5.8200000e+00
  -6.3200000e+00
  -6.8200000e+00
  -7.3200000e+00
  -7.8200000e+00
  -8.1999999e-01
  -1.3200000e+00
  -1.8200000e+00
  -2.3200000e+00
  -2.8200000e+00
  -3.3200000e+00
  -3.8200000e+00
  -4.3200000e+00
  -4.8200000e+00
  -5.3200000e+00
  -5.8200000e+00
  -6.3200000e+00
  -6.8200000e+00
  -7.3200000e+00
  -8.1999999e-01
  -1.3200000e+00
  -1.8200000e+00
  -2.3200000e+00
  -2.8200000e+00
  -3.3200000e+00
  -3.8200000e+00
  -4.3200000e+00
  -4.8200000e+00
  -5.3200000e+00
  -5.8200000e+00
  -6.3200000e+00
  -6.8200000e+00
  -7.3200000e+00
  -7.8200000e+00
  -8.1999999e-01
  -1.3200000e+00
  -1.8200000e+00
  -2.3200000e+00
  -2.8200000e+00
  -3.3200000e+00
  -3.8200000e+00
  -4.3200000e+00
  -4.8200000e+00
  -5.3200000e+00
  -5.8200000e+00
  -6.3200000e+00
  -6.8200000e+00
  -7.3200000e+00
  -8.1999999e-01
  -1.3200000e+00
  -1.8200000e+00
  -2.3200000e+00
  -2.8200000e+00
  -3.3200000e+00
  -3.8200000e+00
  -4.3200000e+00
  -4.8200000e+00
  -5.3200000e+00
  -5.8200000e+00
  -6.3200000e+00
  -6.8200000e+00
  -7.3200000e+00
  -8.1999999e-01
  -1.3200000e+00
  -1.8200000e+00
  -2.3200000e+00
  -2.8200000e+00
  -3.3200000e+00
  -3.8200000e+00
  -4.3200000e+00
  -4.8200000e+00
  -5.3200000e+00
  -5.8200000e+00
  -6.3200000e+00
  -6.8200000e+00
  -8.1999999e-01
  -1.3200000e+00
  -1.8200000e+00
  -2.3200000e+00
  -2.8200000e+00
  -3.3200000e+00
  -3.8200000e+00
  -4.3200000e+00
  -4.8200000e+00
  -5.3200000e+00
  -5.8200000e+00
  -6.3200000e+00
  -6.8200000e+00
  -7.3200000e+00
  -8.1999999e-01
  -1.3200000e+00
  -1.8200000e+00
  -2.3200000e+00
  -2.8200000e+00
  -3.3200000e+00
  -3.8200000e+00
  -4.3200000e+00
  -4.8200000e+00
  -5.3200000e+00
  -5.8200000e+00
  -6.3200000e+00
  -6.8200000e+00
  -7.3200000e+00
  -8.1999999e-01
  -1.3200000e+00
  -1.8200000e+00
  -2.3200000e+00
  -2.8200000e+00
  -3.3200000e+00
  -3.8200000e+00
  -4.3200000e+00
  -4.8200000e+00
  -5.3200000e+00
  -5.8200000e+00
  -6.3200000e+00
  -6.8200000e+00
  -7.3200000e+00
  -8.1999999e-01
  -1.3200000e+00
  -1.8200000e+00
  -2.3200000e+00
  -2.8200000e+00
  -3.3200000e+00
  -3.8200000e+00
  -4.3200000e+00
  -4.8200000e+00
  -5.3200000e+00
  -5.8200000e+00
  -6.3200000e+00
  -6.8200000e+00
  -7.3200000e+00
  -7.8200000e+00
  -8.1999999e-01
  -1.3200000e+00
  -1.8200000e+00
  -2.3200000e+00
  -2.8200000e+00
  -3.3200000e+00
  -3.8200000e+00
  -4.3200000e+00
  -4.8200000e+00
  -5.3200000e+00
  -5.8200000e+00
  -6.3200000e+00
  -6.8200000e+00
  -7.3200000e+00
  -7.8200000e+00
  -8.3200000e+00
  -8.1999999e-01
  -1.3200000e+00
  -1.8200000e+00
  -2.3200000e+00
  -2.8200000e+00
  -3.3200000e+00
  -3.8200000e+00
  -4.3200000e+00
  -4.8200000e+00
  -5.3200000e+00
  -5.8200000e+00
  -6.3200000e+00
  -6.8200000e+00
  -7.3200000e+00
  -7.8200000e+00
  -8.3200000e+00
  -8.1999999e-01
  -1.3200000e+00
  -1.8200000e+00
  -2.3200000e+00
  -2.8200000e+00
  -3.3200000e+00
  -3.8200000e+00
  -4.3200000e+00
  -4.8200000e+00
  -5.3200000e+00
  -5.8200000e+00
  -6.3200000e+00
  -6.8200000e+00
  -7.3200000e+00
  -7.8200000e+00
  -8.3200000e+00
  -8.8200000e+00
  -8.1999999e-01
  -1.3200000e+00
  -1.8200000e+00
  -2.3200000e+00
  -2.8200000e+00
  -3.3200000e+00
  -3.8200000e+00
  -4.3200000e+00
  -4.8200000e+00
  -5.3200000e+00
  -5.8200000e+00
  -6.3200000e+00
  -6.8200000e+00
  -7.3200000e+00
  -7.8200000e+00
  -8.3200000e+00
  -8.8200000e+00
  -1.0700001e+00
  -2.0700001e+00
  -3.0700001e+00
  -4.0700001e+00
  -5.0700001e+00
  -6.0700001e+00
  -7.0700001e+00
  -8.0700001e+00
  -1.0700001e+00
  -2.0700001e+00
  -3.0700001e+00
  -4.0700001e+00
  -5.0700001e+00
  -6.0700001e+00
  -7.0700001e+00
  -8.0700001e+00
  -1.0700001e+00
  -2.0700001e+00
  -3.0700001e+00
  -4.0700001e+00
  -5.0700001e+00
  -6.0700001e+00
  -7.0700001e+00
  -1.0700001e+00
  -2.0700001e+00
  -3.0700001e+00
  -4.0700001e+00
  -5.0700001e+00
  -6.0700001e+00
  -7.0700001e+00
  -1.0700001e+00
  -2.0700001e+00
  -3.0700001e+00
  -4.0700001e+00
  -5.0700001e+00
  -6.0700001e+00
  -7.0700001e+00
  -8.1999999e-01
  -1.3200000e+00
  -1.8200000e+00
  -2.3200000e+00
  -2.8200000e+00
  -3.3200000e+00
  -3.8200000e+00
  -4.3200000e+00
  -4.8200000e+00
  -5.3200000e+00
  -5.8200000e+00
  -6.3200000e+00
  -6.8200000e+00
  -7.3200000e+00
  -7.8200000e+00
  -8.3200000e+00
  -8.1999999e-01
  -1.3200000e+00
  -1.8200000e+00
  -2.3200000e+00
  -2.8200000e+00
  -3.3200000e+00
  -3.8200000e+00
  -4.3200000e+00
  -4.8200000e+00
  -5.3200000e+00
  -5.8200000e+00
  -6.3200000e+00
  -6.8200000e+00
  -7.3200000e+00
  -7.8200000e+00
  -8.3200000e+00
  -8.8200000e+00
  -1.0700001e+00
  -2.0700001e+00
  -3.0700001e+00
  -4.0700001e+00
  -5.0700001e+00
  -6.0700001e+00
  -7.0700001e+00
  -1.0700001e+00
  -2.0700001e+00
  -3.0700001e+00
  -4.0700001e+00
  -5.0700001e+00
  -6.0700001e+00
  -7.0700001e+00
  -1.0700001e+00
  -2.0700001e+00
  -3.0700001e+00
  -4.0700001e+00
  -5.0700001e+00
  -6.0700001e+00
  -7.0700001e+00
  -8.1999999e-01
  -1.3200000e+00
  -1.8200000e+00
  -2.3200000e+00
  -2.8200000e+00
  -3.3200000e+00
  -3.8200000e+00
  -4.3200000e+00
  -4.8200000e+00
  -5.3200000e+00
  -5.8200000e+00
  -6.3200000e+00
  -6.8200000e+00
  -7.3200000e+00
  -7.8200000e+00
  -8.1999999e-01
  -1.3200000e+00
  -1.8200000e+00
  -2.3200000e+00
  -2.8200000e+00
  -3.3200000e+00
  -3.8200000e+00
  -4.3200000e+00
  -4.8200000e+00
  -5.3200000e+00
  -5.8200000e+00
  -6.3200000e+00
  -6.8200000e+00
  -7.3200000e+00
  -7.8200000e+00
  -8.1999999e-01
  -1.3200000e+00
  -1.8200000e+00
  -2.3200000e+00
  -2.8200000e+00
  -3.3200000e+00
  -3.8200000e+00
  -4.3200000e+00
  -4.8200000e+00
  -5.3200000e+00
  -5.8200000e+00
  -6.3200000e+00
  -6.8200000e+00
  -7.3200000e+00
  -7.8200000e+00
  -8.1999999e-01
  -1.3200000e+00
  -1.8200000e+00
  -2.3200000e+00
  -2.8200000e+00
  -3.3200000e+00
  -3.8200000e+00
  -4.3200000e+00
  -4.8200000e+00
  -5.3200000e+00
  -5.8200000e+00
  -6.3200000e+00
  -6.8200000e+00
  -7.3200000e+00
  -7.8200000e+00
  -8.1999999e-01
  -1.3200000e+00
  -1.8200000e+00
  -2.3200000e+00
  -2.8200000e+00
  -3.3200000e+00
  -3.8200000e+00
  -4.3200000e+00
  -4.8200000e+00
  -5.3200000e+00
  -5.8200000e+00
  -6.3200000e+00
  -6.8200000e+00
  -7.3200000e+00
  -7.8200000e+00
  -8.1999999e-01
  -1.3200000e+00
  -1.8200000e+00
  -2.3200000e+00
  -2.8200000e+00
  -3.3200000e+00
  -3.8200000e+00
  -4.3200000e+00
  -4.8200000e+00
  -5.3200000e+00
  -5.8200000e+00
  -6.3200000e+00
  -6.8200000e+00
  -7.3200000e+00
  -7.8200000e+00
  -8.1999999e-01
  -1.3200000e+00
  -1.8200000e+00
  -2.3200000e+00
  -2.8200000e+00
  -3.3200000e+00
  -3.8200000e+00
  -4.3200000e+00
  -4.8200000e+00
  -5.3200000e+00
  -5.8200000e+00
  -6.3200000e+00
  -6.8200000e+00
  -7.3200000e+00
  -7.8200000e+00
  -8.1999999e-01
  -1.3200000e+00
  -1.8200000e+00
  -2.3200000e+00
  -2.8200000e+00
  -3.3200000e+00
  -3.8200000e+00
  -4.3200000e+00
  -4.8200000e+00
  -5.3200000e+00
  -5.8200000e+00
  -6.3200000e+00
  -6.8200000e+00
  -7.3200000e+00
  -7.8200000e+00
  -8.3200000e+00
  -8.1999999e-01
  -1.3200000e+00
  -1.8200000e+00
  -2.3200000e+00
  -2.8200000e+00
  -3.3200000e+00
  -3.8200000e+00
  -4.3200000e+00
  -4.8200000e+00
  -5.3200000e+00
  -5.8200000e+00
  -6.3200000e+00
  -6.8200000e+00
  -7.3200000e+00
  -7.8200000e+00
  -8.3200000e+00
  -8.1999999e-01
  -1.3200000e+00
  -1.8200000e+00
  -2.3200000e+00
  -2.8200000e+00
  -3.3200000e+00
  -3.8200000e+00
  -4.3200000e+00
  -4.8200000e+00
  -5.3200000e+00
  -5.8200000e+00
  -6.3200000e+00
  -6.8200000e+00
  -7.3200000e+00
  -7.8200000e+00
  -8.3200000e+00
  -1.0700001e+00
  -2.0700001e+00
  -3.0700001e+00
  -4.0700001e+00
  -5.0700001e+00
  -6.0700001e+00
  -7.0700001e+00
  -8.1999999e-01
  -1.3200000e+00
  -1.8200000e+00
  -2.3200000e+00
  -2.8200000e+00
  -3.3200000e+00
  -3.8200000e+00
  -4.3200000e+00
  -4.8200000e+00
  -5.3200000e+00
  -5.8200000e+00
  -6.3200000e+00
  -6.8200000e+00
  -7.3200000e+00
  -7.8200000e+00
  -8.3200000e+00
  -8.1999999e-01
  -1.3200000e+00
  -1.8200000e+00
  -2.3200000e+00
  -2.8200000e+00
  -3.3200000e+00
  -3.8200000e+00
  -4.3200000e+00
  -4.8200000e+00
  -5.3200000e+00
  -5.8200000e+00
  -6.3200000e+00
  -6.8200000e+00
  -7.3200000e+00
  -7.8200000e+00
  -8.3200000e+00
  -1.0700001e+00
  -2.0700001e+00
  -3.0700001e+00
  -4.0700001e+00
  -5.0700001e+00
  -6.0700001e+00
  -7.0700001e+00
  -8.0700001e+00
  -8.1999999e-01
  -1.3200000e+00
  -1.8200000e+00
  -2.3200000e+00
  -2.8200000e+00
  -3.3200000e+00
  -3.8200000e+00
  -4.3200000e+00
  -4.8200000e+00
  -5.3200000e+00
  -5.8200000e+00
  -6.3200000e+00
  -6.8200000e+00
  -7.3200000e+00
  -7.8200000e+00
  -8.3200000e+00
  -8.8200000e+00
  -9.3200000e+00
  -1.0700001e+00
  -2.0700001e+00
  -3.0700001e+00
  -4.0700001e+00
  -5.0700001e+00
  -6.0700001e+00
  -7.0700001e+00
  -1.0700001e+00
  -2.0700001e+00
  -3.0700001e+00
  -4.0700001e+00
  -5.0700001e+00
  -6.0700001e+00
  -7.0700001e+00
  -8.0700001e+00
  -8.1999999e-01
  -1.3200000e+00
  -1.8200000e+00
  -2.3200000e+00
  -2.8200000e+00
  -3.3200000e+00
  -3.8200000e+00
  -4.3200000e+00
  -4.8200000e+00
  -5.3200000e+00
  -5.8200000e+00
  -6.3200000e+00
  -6.8200000e+00
  -7.3200000e+00
  -7.8200000e+00
  -8.3200000e+00
  -8.8200000e+00
  -9.3200000e+00
  -9.8200000e+00
  -1.0700001e+00
  -2.0700001e+00
  -3.0700001e+00
  -4.0700001e+00
  -5.0700001e+00
  -6.0700001e+00
  -7.0700001e+00
  -8.0700001e+00
  -9.0700001e+00
  -1.0700001e+00
  -2.0700001e+00
  -3.0700001e+00
  -4.0700001e+00
  -5.0700001e+00
  -6.0700001e+00
  -7.0700001e+00
  -8.0700001e+00
  -9.0700001e+00
  -1.0070000e+01
  -1.0700001e+00
  -2.0700001e+00
  -3.0700001e+00
  -4.0700001e+00
  -5.0700001e+00
  -6.0700001e+00
  -7.0700001e+00
  -8.0700001e+00
  -9.0700001e+00
  -1.0070000e+01
  -1.1070000e+01
  -1.0700001e+00
  -2.0700001e+00
  -3.0700001e+00
  -4.0700001e+00
  -5.0700001e+00
  -6.0700001e+00
  -7.0700001e+00
  -8.0700001e+00
  -9.0700001e+00
  -1.0070000e+01
  -1.1070000e+01
  -1.0700001e+00
  -2.0700001e+00
  -3.0700001e+00
  -4.0700001e+00
  -5.0700001e+00
  -6.0700001e+00
  -7.0700001e+00
  -8.0700001e+00
  -9.0700001e+00
  -1.0070000e+01
  -1.1070000e+01
  -1.2070000e+01
  -1.3070000e+01
  -1.0700001e+00
  -2.0700001e+00
  -3.0700001e+00
  -4.0700001e+00
  -5.0700001e+00
  -6.0700001e+00
  -7.0700001e+00
  -8.0700001e+00
  -9.0700001e+00
  -1.0070000e+01
  -1.1070000e+01
  -1.2070000e+01
  -1.3070000e+01
  -1.0700001e+00
  -2.0700001e+00
  -3.0700001e+00
  -4.0700001e+00
  -5.0700001e+00
  -6.0700001e+00
  -7.0700001e+00
  -8.0700001e+00
  -9.0700001e+00
  -1.0070000e+01
  -1.1070000e+01
  -1.2070000e+01
  -1.3070000e+01
  -1.4070000e+01
  -1.0700001e+00
  -2.0700001e+00
  -3.0700001e+00
  -4.0700001e+00
  -5.0700001e+00
  -6.0700001e+00
  -7.0700001e+00
  -8.0700001e+00
  -9.0700001e+00
  -1.0070000e+01
  -1.1070000e+01
  -1.2070000e+01
  -1.3070000e+01
  -1.4070000e+01
  -1.0700001e+00
  -2.0700001e+00
  -3.0700001e+00
  -4.0700001e+00
  -5.0700001e+00
  -6.0700001e+00
  -7.0700001e+00
  -8.0700001e+00
  -9.0700001e+00
  -1.0070000e+01
  -1.1070000e+01
  -1.2070000e+01
  -1.3070000e+01
  -1.4070000e+01
  -1.0700001e+00
  -2.0700001e+00
  -3.0700001e+00
  -4.0700001e+00
  -5.0700001e+00
  -6.0700001e+00
  -7.0700001e+00
  -8.0700001e+00
  -9.0700001e+00
  -1.0070000e+01
  -1.1070000e+01
  -1.2070000e+01
  -1.3070000e+01
  -1.0700001e+00
  -2.0700001e+00
  -3.0700001e+00
  -4.0700001e+00
  -5.0700001e+00
  -6.0700001e+00
  -7.0700001e+00
  -8.0700001e+00
  -9.0700001e+00
  -1.0070000e+01
  -1.1070000e+01
  -1.2070000e+01
  -1.3070000e+01
  -1.4070000e+01
  -1.0700001e+00
  -2.0700001e+00
  -3.0700001e+00
  -4.0700001e+00
  -5.0700001e+00
  -6.0700001e+00
  -7.0700001e+00
  -8.0700001e+00
  -9.0700001e+00
  -1.0070000e+01
  -1.1070000e+01
  -1.2070000e+01
  -1.3070000e+01
  -1.4070000e+01
  -1.5070000e+01
  -1.0700001e+00
  -2.0700001e+00
  -3.0700001e+00
  -4.0700001e+00
  -5.0700001e+00
  -6.0700001e+00
  -7.0700001e+00
  -8.0700001e+00
  -9.0700001e+00
  -1.0070000e+01
  -1.1070000e+01
  -1.2070000e+01
  -1.3070000e+01
  -1.4070000e+01
  -1.5070000e+01
  -1.6070000e+01
  -1.0700001e+00
  -2.0700001e+00
  -3.0700001e+00
  -4.0700001e+00
  -5.0700001e+00
  -6.0700001e+00
  -7.0700001e+00
  -8.0700001e+00
  -9.0700001e+00
  -1.0070000e+01
  -1.1070000e+01
  -1.2070000e+01
  -1.3070000e+01
  -1.4070000e+01
  -1.5070000e+01
  -1.6070000e+01
  -1.0700001e+00
  -2.0700001e+00
  -3.0700001e+00
  -4.0700001e+00
  -5.0700001e+00
  -6.0700001e+00
  -7.0700001e+00
  -8.0700001e+00
  -9.0700001e+00
  -1.0070000e+01
  -1.1070000e+01
  -1.2070000e+01
  -1.3070000e+01
  -1.4070000e+01
  -1.5070000e+01
  -1.0700001e+00
  -2.0700001e+00
  -3.0700001e+00
  -4.0700001e+00
  -5.0700001e+00
  -6.0700001e+00
  -7.0700001e+00
  -8.0700001e+00
  -9.0700001e+00
  -1.0070000e+01
  -1.1070000e+01
  -1.2070000e+01
  -1.3070000e+01
  -1.4070000e+01
  -1.5070000e+01
  -1.6070000e+01
  -1.0700001e+00
  -2.0700001e+00
  -3.0700001e+00
  -4.0700001e+00
  -5.0700001e+00
  -6.0700001e+00
  -7.0700001e+00
  -8.0700001e+00
  -9.0700001e+00
  -1.0070000e+01
  -1.1070000e+01
  -1.2070000e+01
  -1.3070000e+01
  -1.4070000e+01
  -1.0700001e+00
  -2.0700001e+00
  -3.0700001e+00
  -4.0700001e+00
  -5.0700001e+00
  -6.0700001e+00
  -7.0700001e+00
  -8.0700001e+00
  -9.0700001e+00
  -1.0070000e+01
  -1.1070000e+01
  -1.2070000e+01
  -1.3070000e+01
  -1.4070000e+01
  -1.0700001e+00
  -2.0700001e+00
  -3.0700001e+00
  -4.0700001e+00
  -5.0700001e+00
  -6.0700001e+00
  -7.0700001e+00
  -8.0700001e+00
  -9.0700001e+00
  -1.0070000e+01
  -1.1070000e+01
  -1.2070000e+01
  -1.3070000e+01
  -1.4070000e+01
  -1.0700001e+00
  -2.0700001e+00
  -3.0700001e+00
  -4.0700001e+00
  -5.0700001e+00
  -6.0700001e+00
  -7.0700001e+00
  -8.0700001e+00
  -9.0700001e+00
  -1.0070000e+01
  -1.1070000e+01
  -1.2070000e+01
  -1.3070000e+01
  -1.4070000e+01
  -1.0700001e+00
  -2.0700001e+00
  -3.0700001e+00
  -4.0700001e+00
  -5.0700001e+00
  -6.0700001e+00
  -7.0700001e+00
  -8.0700001e+00
  -9.0700001e+00
  -1.0070000e+01
  -1.1070000e+01
  -1.2070000e+01
  -1.3070000e+01
  -1.4070000e+01
  -1.5070000e+01
  -1.0700001e+00
  -2.0700001e+00
  -3.0700001e+00
  -4.0700001e+00
  -5.0700001e+00
  -6.0700001e+00
  -7.0700001e+00
  -8.0700001e+00
  -9.0700001e+00
  -1.0070000e+01
  -1.1070000e+01
  -1.2070000e+01
  -1.3070000e+01
  -1.4070000e+01
  -1.0700001e+00
  -2.0700001e+00
  -3.0700001e+00
  -4.0700001e+00
  -5.0700001e+00
  -6.0700001e+00
  -7.0700001e+00
  -8.0700001e+00
  -9.0700001e+00
  -1.0070000e+01
  -1.1070000e+01
  -1.2070000e+01
  -1.3070000e+01
  -1.0700001e+00
  -2.0700001e+00
  -3.0700001e+00
  -4.0700001e+00
  -5.0700001e+00
  -6.0700001e+00
  -7.0700001e+00
  -8.0700001e+00
  -9.0700001e+00
  -1.0070000e+01
  -1.1070000e+01
  -1.2070000e+01
  -1.3070000e+01
  -1.0700001e+00
  -2.0700001e+00
  -3.0700001e+00
  -4.0700001e+00
  -5.0700001e+00
  -6.0700001e+00
  -7.0700001e+00
  -8.0700001e+00
  -9.0700001e+00
  -1.0070000e+01
  -1.1070000e+01
  -1.2070000e+01
  -1.3070000e+01
  -1.0700001e+00
  -2.0700001e+00
  -3.0700001e+00
  -4.0700001e+00
  -5.0700001e+00
  -6.0700001e+00
  -7.0700001e+00
  -8.0700001e+00
  -9.0700001e+00
  -1.0070000e+01
  -1.1070000e+01
  -1.0700001e+00
  -2.0700001e+00
  -3.0700001e+00
  -4.0700001e+00
  -5.0700001e+00
  -6.0700001e+00
  -7.0700001e+00
  -8.0700001e+00
  -9.0700001e+00
  -1.0070000e+01
  -1.0700001e+00
  -2.0700001e+00
  -3.0700001e+00
  -4.0700001e+00
  -5.0700001e+00
  -6.0700001e+00
  -7.0700001e+00
  -8.0700001e+00
  -9.0700001e+00
  -1.0070000e+01
  -1.0700001e+00
  -2.0700001e+00
  -3.0700001e+00
  -4.0700001e+00
  -5.0700001e+00
  -6.0700001e+00
  -7.0700001e+00
  -8.0700001e+00
  -9.0700001e+00
  -1.0700001e+00
  -2.0700001e+00
  -3.0700001e+00
  -4.0700001e+00
  -5.0700001e+00
  -6.0700001e+00
  -7.0700001e+00
  -8.0700001e+00
  -9.0700001e+00
  -1.0700001e+00
  -2.0700001e+00
  -3.0700001e+00
  -4.0700001e+00
  -5.0700001e+00
  -6.0700001e+00
  -7.0700001e+00
  -8.0700001e+00
  -9.0700001e+00
  -1.0070000e+01
  -1.0700001e+00
  -2.0700001e+00
  -3.0700001e+00
  -4.0700001e+00
  -5.0700001e+00
  -6.0700001e+00
  -7.0700001e+00
  -8.0700001e+00
  -9.0700001e+00
  -1.0700001e+00
  -2.0700001e+00
  -3.0700001e+00
  -4.0700001e+00
  -5.0700001e+00
  -6.0700001e+00
  -7.0700001e+00
  -8.0700001e+00
  -9.0700001e+00
  -1.0700001e+00
  -2.0700001e+00
  -3.0700001e+00
  -4.0700001e+00
  -5.0700001e+00
  -6.0700001e+00
  -7.0700001e+00
  -8.0700001e+00
  -9.0700001e+00
  -1.0070000e+01
  -1.1070000e+01
  -1.0700001e+00
  -2.0700001e+00
  -3.0700001e+00
  -4.0700001e+00
  -5.0700001e+00
  -6.0700001e+00
  -7.0700001e+00
  -8.0700001e+00
  -9.0700001e+00
  -1.0070000e+01
  -1.1070000e+01
  -1.2070000e+01
  -1.0700001e+00
  -2.0700001e+00
  -3.0700001e+00
  -4.0700001e+00
  -5.0700001e+00
  -6.0700001e+00
  -7.0700001e+00
  -8.0700001e+00
  -9.0700001e+00
  -1.0070000e+01
  -1.1070000e+01
  -1.2070000e+01
  -1.0700001e+00
  -2.0700001e+00
  -3.0700001e+00
  -4.0700001e+00
  -5.0700001e+00
  -6.0700001e+00
  -7.0700001e+00
  -8.0700001e+00
  -9.0700001e+00
  -1.0070000e+01
  -1.1070000e+01
  -1.2070000e+01
  -1.0700001e+00
  -2.0700001e+00
  -3.0700001e+00
  -4.0700001e+00
  -5.0700001e+00
  -6.0700001e+00
  -7.0700001e+00
  -8.0700001e+00
  -9.0700001e+00
  -1.0070000e+01
  -1.1070000e+01
  -1.2070000e+01
  -1.0700001e+00
  -2.0700001e+00
  -3.0700001e+00
  -4.0700001e+00
  -5.0700001e+00
  -6.0700001e+00
  -7.0700001e+00
  -8.0700001e+00
  -9.0700001e+00
  -1.0070000e+01
  -1.1070000e+01
  -1.2070000e+01
  -1.0700001e+00
  -2.0700001e+00
  -3.0700001e+00
  -4.0700001e+00
  -5.0700001e+00
  -6.0700001e+00
  -7.0700001e+00
  -8.0700001e+00
  -9.0700001e+00
  -1.0070000e+01
  -1.1070000e+01
  -1.2070000e+01
  -1.0700001e+00
  -2.0700001e+00
  -3.0700001e+00
  -4.0700001e+00
  -5.0700001e+00
  -6.0700001e+00
  -7.0700001e+00
  -8.0700001e+00
  -9.0700001e+00
  -1.0070000e+01
  -1.1070000e+01
  -1.2070000e+01
  -1.0700001e+00
  -2.0700001e+00
  -3.0700001e+00
  -4.0700001e+00
  -5.0700001e+00
  -6.0700001e+00
  -7.0700001e+00
  -8.0700001e+00
  -9.0700001e+00
  -1.0070000e+01
  -1.1070000e+01
  -1.2070000e+01
  -1.0700001e+00
  -2.0700001e+00
  -3.0700001e+00
  -4.0700001e+00
  -5.0700001e+00
  -6.0700001e+00
  -7.0700001e+00
  -8.0700001e+00
  -9.0700001e+00
  -1.0070000e+01
  -1.1070000e+01
  -1.2070000e+01
  -1.0700001e+00
  -2.0700001e+00
  -3.0700001e+00
  -4.0700001e+00
  -5.0700001e+00
  -6.0700001e+00
  -7.0700001e+00
  -8.0700001e+00
  -9.0700001e+00
  -1.0070000e+01
  -1.1070000e+01
  -1.2070000e+01
  -1.3070000e+01
  -1.4070000e+01
  -1.5070000e+01
  -1.6070000e+01
  -1.7070000e+01
  -1.8070000e+01
  -1.9070000e+01
  -2.0070000e+01
  -2.1070000e+01
  -2.2070000e+01
  -2.3070000e+01
  -2.4070000e+01
  -2.5070000e+01
  -2.6070000e+01
  -2.7070000e+01
  -2.8070000e+01
  -2.9070000e+01
  -3.0070000e+01
  -3.1070000e+01
  -3.2070000e+01
  -3.3070000e+01
  -1.0700001e+00
  -2.0700001e+00
  -3.0700001e+00
  -4.0700001e+00
  -5.0700001e+00
  -6.0700001e+00
  -7.0700001e+00
  -8.0700001e+00
  -9.0700001e+00
  -1.0070000e+01
  -1.1070000e+01
  -1.2070000e+01
  -1.3070000e+01
  -1.4070000e+01
  -1.5070000e+01
  -1.6070000e+01
  -1.7070000e+01
  -1.8070000e+01
  -1.9070000e+01
  -2.0070000e+01
  -2.1070000e+01
  -2.2070000e+01
  -2.3070000e+01
  -2.4070000e+01
  -2.5070000e+01
  -2.6070000e+01
  -2.7070000e+01
  -2.8070000e+01
  -2.9070000e+01
  -3.0070000e+01
  -3.1070000e+01
  -3.2070000e+01
  -3.3070000e+01
  -1.0700001e+00
  -2.0700001e+00
  -3.0700001e+00
  -4.0700001e+00
  -5.0700001e+00
  -6.0700001e+00
  -7.0700001e+00
  -8.0700001e+00
  -9.0700001e+00
  -1.0070000e+01
  -1.1070000e+01
  -1.2070000e+01
  -1.3070000e+01
  -1.4070000e+01
  -1.5070000e+01
  -1.6070000e+01
  -1.7070000e+01
  -1.8070000e+01
  -1.9070000e+01
  -2.0070000e+01
  -2.1070000e+01
  -2.2070000e+01
  -2.3070000e+01
  -2.4070000e+01
  -2.5070000e+01
  -2.6070000e+01
  -2.7070000e+01
  -2.8070000e+01
  -2.9070000e+01
  -3.0070000e+01
  -3.1070000e+01
  -3.2070000e+01
  -3.3070000e+01
  -1.0700001e+00
  -2.0700001e+00
  -3.0700001e+00
  -4.0700001e+00
  -5.0700001e+00
  -6.0700001e+00
  -7.0700001e+00
  -8.0700001e+00
  -9.0700001e+00
  -1.0070000e+01
  -1.1070000e+01
  -1.2070000e+01
  -1.3070000e+01
  -1.4070000e+01
  -1.5070000e+01
  -1.6070000e+01
  -1.7070000e+01
  -1.8070000e+01
  -1.9070000e+01
  -2.0070000e+01
  -2.1070000e+01
  -2.2070000e+01
  -2.3070000e+01
  -2.4070000e+01
  -2.5070000e+01
  -2.6070000e+01
  -2.7070000e+01
  -2.8070000e+01
  -2.9070000e+01
  -3.0070000e+01
  -3.1070000e+01
  -3.2070000e+01
  -3.3070000e+01
  -1.5700001e+00
  -3.5700001e+00
  -5.5700001e+00
  -7.5700001e+00
  -9.5700001e+00
  -1.1570000e+01
  -1.3570000e+01
  -1.5570000e+01
  -1.7570000e+01
  -1.9570000e+01
  -2.1570000e+01
  -2.3570000e+01
  -2.5570000e+01
  -2.7570000e+01
  -2.9570000e+01
  -3.1570000e+01
  -3.3570000e+01
  -3.5570000e+01
  -3.7570000e+01
  -3.9570000e+01
  -1.5700001e+00
  -3.5700001e+00
  -5.5700001e+00
  -7.5700001e+00
  -9.5700001e+00
  -1.1570000e+01
  -1.3570000e+01
  -1.5570000e+01
  -1.7570000e+01
  -1.9570000e+01
  -2.1570000e+01
  -2.3570000e+01
  -2.5570000e+01
  -2.7570000e+01
  -2.9570000e+01
  -3.1570000e+01
  -3.3570000e+01
  -3.5570000e+01
  -3.7570000e+01
  -3.9570000e+01
  -4.1570000e+01
  -1.5700001e+00
  -3.5700001e+00
  -5.5700001e+00
  -7.5700001e+00
  -9.5700001e+00
  -1.1570000e+01
  -1.3570000e+01
  -1.5570000e+01
  -1.7570000e+01
  -1.9570000e+01
  -2.1570000e+01
  -2.3570000e+01
  -2.5570000e+01
  -2.7570000e+01
  -2.9570000e+01
  -3.1570000e+01
  -3.3570000e+01
  -3.5570000e+01
  -1.5700001e+00
  -3.5700001e+00
  -5.5700001e+00
  -7.5700001e+00
  -9.5700001e+00
  -1.1570000e+01
  -1.3570000e+01
  -1.5570000e+01
  -1.7570000e+01
  -1.9570000e+01
  -2.1570000e+01
  -1.5700001e+00
  -3.5700001e+00
  -5.5700001e+00
  -7.5700001e+00
  -9.5700001e+00
  -1.1570000e+01
  -1.3570000e+01
  -1.5570000e+01
  -1.7570000e+01
  -1.9570000e+01
  -1.5700001e+00
  -3.5700001e+00
  -5.5700001e+00
  -7.5700001e+00
  -9.5700001e+00
  -1.1570000e+01
  -1.3570000e+01
  -1.5570000e+01
  -1.7570000e+01
  -1.5700001e+00
  -3.5700001e+00
  -5.5700001e+00
  -7.5700001e+00
  -9.5700001e+00
  -1.1570000e+01
  -1.3570000e+01
  -1.5570000e+01
  -1.5700001e+00
  -3.5700001e+00
  -5.5700001e+00
  -7.5700001e+00
  -9.5700001e+00
  -1.1570000e+01
  -1.5700001e+00
  -3.5700001e+00
  -5.5700001e+00
  -7.5700001e+00
  -9.5700001e+00
  -1.0700001e+00
  -2.0700001e+00
  -3.0700001e+00
  -4.0700001e+00
  -5.0700001e+00
  -6.0700001e+00
  -7.0700001e+00
  -8.0700001e+00
  -9.0700001e+00
  -1.0070000e+01
  -1.1070000e+01
  -1.0700001e+00
  -2.0700001e+00
  -3.0700001e+00
  -4.0700001e+00
  -5.0700001e+00
  -6.0700001e+00
  -7.0700001e+00
  -8.0700001e+00
  -9.0700001e+00
  -1.0070000e+01
  -1.0700001e+00
  -2.0700001e+00
  -3.0700001e+00
  -4.0700001e+00
  -5.0700001e+00
  -6.0700001e+00
  -7.0700001e+00
  -8.0700001e+00
  -1.0700001e+00
  -2.0700001e+00
  -3.0700001e+00
  -4.0700001e+00
  -5.0700001e+00
  -6.0700001e+00
  -1.0700001e+00
  -2.0700001e+00
  -3.0700001e+00
  -4.0700001e+00
  -5.0700001e+00
  -8.1999999e-01
  -1.3200000e+00
  -1.8200000e+00
  -2.3200000e+00
  -2.8200000e+00
  -3.3200000e+00
  -3.8200000e+00
  -4.3200000e+00
  -4.8200000e+00
  -5.3200000e+00
  -5.8200000e+00
  -8.1999999e-01
  -1.3200000e+00
  -1.8200000e+00
  -2.3200000e+00
  -2.8200000e+00
  -3.3200000e+00
  -3.8200000e+00
  -4.3200000e+00
  -4.8200000e+00
  -5.3200000e+00
  -8.1999999e-01
  -1.3200000e+00
  -1.8200000e+00
  -2.3200000e+00
  -2.8200000e+00
  -3.3200000e+00
  -3.8200000e+00
  -4.3200000e+00
  -4.8200000e+00
  -5.3200000e+00
  -8.1999999e-01
  -1.3200000e+00
  -1.8200000e+00
  -2.3200000e+00
  -2.8200000e+00
  -3.3200000e+00
  -3.8200000e+00
  -4.3200000e+00
  -4.8200000e+00
  -5.3200000e+00
  -8.1999999e-01
  -1.3200000e+00
  -1.8200000e+00
  -2.3200000e+00
  -2.8200000e+00
  -3.3200000e+00
  -3.8200000e+00
  -4.3200000e+00
  -4.8200000e+00
  -5.3200000e+00
  -8.1999999e-01
  -1.3200000e+00
  -1.8200000e+00
  -2.3200000e+00
  -2.8200000e+00
  -3.3200000e+00
  -3.8200000e+00
  -4.3200000e+00
  -4.8200000e+00
  -8.1999999e-01
  -1.3200000e+00
  -1.8200000e+00
  -2.3200000e+00
  -2.8200000e+00
  -3.3200000e+00
  -3.8200000e+00
  -4.3200000e+00
  -4.8200000e+00
  -8.1999999e-01
  -1.3200000e+00
  -1.8200000e+00
  -2.3200000e+00
  -2.8200000e+00
  -3.3200000e+00
  -3.8200000e+00
  -4.3200000e+00
  -8.1999999e-01
  -1.3200000e+00
  -1.8200000e+00
  -2.3200000e+00
  -2.8200000e+00
  -3.3200000e+00
  -3.8200000e+00
  -4.3200000e+00
  -8.1999999e-01
  -1.3200000e+00
  -1.8200000e+00
  -2.3200000e+00
  -2.8200000e+00
  -3.3200000e+00
  -8.1999999e-01
  -1.3200000e+00
  -1.8200000e+00
  -2.3200000e+00
  -2.8200000e+00
  -7.2000003e-01
  -1.1200000e+00
  -1.5200000e+00
  -1.9200000e+00
  -2.3200001e+00
  -2.7200001e+00
  -3.1200001e+00
  -6.2000000e-01
  -8.2000001e-01
  -1.0200000e+00
  -1.2200000e+00
  -1.4200000e+00
  -1.6200000e+00
  -1.8200000e+00
  -2.0200000e+00
  -2.2200000e+00
  -2.4200000e+00
  -2.6200000e+00
  -2.8200000e+00
  -3.0200000e+00
  -6.2000000e-01
  -8.2000001e-01
  -1.0200000e+00
  -1.2200000e+00
  -1.4200000e+00
  -1.6200000e+00
  -1.8200000e+00
  -2.0200000e+00
  -2.2200000e+00
  -2.4200000e+00
  -2.6200000e+00
  -2.8200000e+00
  -6.2000000e-01
  -8.2000001e-01
  -1.0200000e+00
  -1.2200000e+00
  -1.4200000e+00
  -1.6200000e+00
  -1.8200000e+00
  -2.0200000e+00
  -2.2200000e+00
  -2.4200000e+00
  -2.6200000e+00
  -2.8200000e+00
  -3.0200000e+00
  -6.2000000e-01
  -8.2000001e-01
  -1.0200000e+00
  -1.2200000e+00
  -1.4200000e+00
  -1.6200000e+00
  -1.8200000e+00
  -2.0200000e+00
  -2.2200000e+00
  -2.4200000e+00
  -2.6200000e+00
  -2.8200000e+00
  -3.0200000e+00
  -3.2200000e+00
  -3.4200000e+00
  -3.6200000e+00
  -6.2000000e-01
  -8.2000001e-01
  -1.0200000e+00
  -1.2200000e+00
  -1.4200000e+00
  -1.6200000e+00
  -1.8200000e+00
  -2.0200000e+00
  -2.2200000e+00
  -2.4200000e+00
  -2.6200000e+00
  -2.8200000e+00
  -3.0200000e+00
  -3.2200000e+00
  -3.4200000e+00
  -3.6200000e+00
  -3.8200001e+00
  -4.0200001e+00
  -6.2000000e-01
  -8.2000001e-01
  -1.0200000e+00
  -1.2200000e+00
  -1.4200000e+00
  -1.6200000e+00
  -1.8200000e+00
  -2.0200000e+00
  -2.2200000e+00
  -2.4200000e+00
  -2.6200000e+00
  -2.8200000e+00
  -3.0200000e+00
  -3.2200000e+00
  -3.4200000e+00
  -3.6200000e+00
  -3.8200001e+00
  -4.0200001e+00
  -4.2200001e+00
  -4.4200001e+00
  -4.6200001e+00
  -7.2000003e-01
  -1.1200000e+00
  -1.5200000e+00
  -1.9200000e+00
  -2.3200001e+00
  -2.7200001e+00
  -3.1200001e+00
  -3.5200001e+00
  -3.9200001e+00
  -4.3200001e+00
  -7.2000003e-01
  -1.1200000e+00
  -1.5200000e+00
  -1.9200000e+00
  -2.3200001e+00
  -2.7200001e+00
  -3.1200001e+00
  -3.5200001e+00
  -3.9200001e+00
  -8.1999999e-01
  -1.3200000e+00
  -1.8200000e+00
  -2.3200000e+00
  -2.8200000e+00
  -8.1999999e-01
  -1.3200000e+00
  -1.8200000e+00
  -2.3200000e+00
  -6.2000000e-01
  -8.2000001e-01
  -1.0200000e+00
  -1.2200000e+00
  -1.4200000e+00
  -1.6200000e+00
  -1.8200000e+00
  -2.0200000e+00
  -2.2200000e+00
  -2.4200000e+00
  -2.6200000e+00
  -2.8200000e+00
  -3.0200000e+00
  -3.2200000e+00
  -6.2000000e-01
  -8.2000001e-01
  -1.0200000e+00
  -1.2200000e+00
  -1.4200000e+00
  -1.6200000e+00
  -1.8200000e+00
  -2.0200000e+00
  -2.2200000e+00
  -2.4200000e+00
  -2.6200000e+00
  -2.8200000e+00
  -3.0200000e+00
  -3.2200000e+00
  -3.4200000e+00
  -3.6200000e+00
  -3.8200001e+00
  -4.0200001e+00
  -4.2200001e+00
  -6.2000000e-01
  -8.2000001e-01
  -1.0200000e+00
  -1.2200000e+00
  -1.4200000e+00
  -1.6200000e+00
  -1.8200000e+00
  -2.0200000e+00
  -2.2200000e+00
  -2.4200000e+00
  -2.6200000e+00
  -2.8200000e+00
  -3.0200000e+00
  -3.2200000e+00
  -3.4200000e+00
  -3.6200000e+00
  -3.8200001e+00
  -4.0200001e+00
  -4.2200001e+00
  -4.4200001e+00
  -7.2000003e-01
  -1.1200000e+00
  -1.5200000e+00
  -1.9200000e+00
  -2.3200001e+00
  -2.7200001e+00
  -3.1200001e+00
  -3.5200001e+00
  -3.9200001e+00
  -4.3200001e+00
  -4.7200001e+00
  -5.1200001e+00
  -7.2000003e-01
  -1.1200000e+00
  -1.5200000e+00
  -1.9200000e+00
  -2.3200001e+00
  -2.7200001e+00
  -3.1200001e+00
  -3.5200001e+00
  -3.9200001e+00
  -4.3200001e+00
  -4.7200001e+00
  -5.1200001e+00
  -5.5200001e+00
  -8.1999999e-01
  -1.3200000e+00
  -1.8200000e+00
  -2.3200000e+00
  -2.8200000e+00
  -3.3200000e+00
  -3.8200000e+00
  -4.3200000e+00
  -4.8200000e+00
  -5.3200000e+00
  -8.1999999e-01
  -1.3200000e+00
  -1.8200000e+00
  -2.3200000e+00
  -2.8200000e+00
  -3.3200000e+00
  -3.8200000e+00
  -4.3200000e+00
  -4.8200000e+00
  -8.1999999e-01
  -1.3200000e+00
  -1.8200000e+00
  -2.3200000e+00
  -2.8200000e+00
  -3.3200000e+00
  -3.8200000e+00
  -4.3200000e+00
  -4.8200000e+00
  -8.1999999e-01
  -1.3200000e+00
  -1.8200000e+00
  -2.3200000e+00
  -2.8200000e+00
  -3.3200000e+00
  -3.8200000e+00
  -4.3200000e+00
  -8.1999999e-01
  -1.3200000e+00
  -1.8200000e+00
  -2.3200000e+00
  -2.8200000e+00
  -3.3200000e+00
  -3.8200000e+00
  -4.3200000e+00
  -8.1999999e-01
  -1.3200000e+00
  -1.8200000e+00
  -2.3200000e+00
  -2.8200000e+00
  -3.3200000e+00
  -3.8200000e+00
  -4.3200000e+00
  -8.1999999e-01
  -1.3200000e+00
  -1.8200000e+00
  -2.3200000e+00
  -2.8200000e+00
  -3.3200000e+00
  -3.8200000e+00
  -8.1999999e-01
  -1.3200000e+00
  -1.8200000e+00
  -2.3200000e+00
  -2.8200000e+00
  -3.3200000e+00
  -3.8200000e+00
  -8.1999999e-01
  -1.3200000e+00
  -1.8200000e+00
  -2.3200000e+00
  -2.8200000e+00
  -3.3200000e+00
  -3.8200000e+00
  -4.3200000e+00
  -4.8200000e+00
  -8.1999999e-01
  -1.3200000e+00
  -1.8200000e+00
  -2.3200000e+00
  -2.8200000e+00
  -3.3200000e+00
  -3.8200000e+00
  -4.3200000e+00
  -4.8200000e+00
  -5.3200000e+00
  -8.1999999e-01
  -1.3200000e+00
  -1.8200000e+00
  -2.3200000e+00
  -2.8200000e+00
  -3.3200000e+00
  -3.8200000e+00
  -4.3200000e+00
  -4.8200000e+00
  -5.3200000e+00
  -5.8200000e+00
  -8.1999999e-01
  -1.3200000e+00
  -1.8200000e+00
  -2.3200000e+00
  -2.8200000e+00
  -3.3200000e+00
  -3.8200000e+00
  -4.3200000e+00
  -4.8200000e+00
  -5.3200000e+00
  -5.8200000e+00
  -6.3200000e+00
  -8.1999999e-01
  -1.3200000e+00
  -1.8200000e+00
  -2.3200000e+00
  -2.8200000e+00
  -3.3200000e+00
  -3.8200000e+00
  -4.3200000e+00
  -4.8200000e+00
  -5.3200000e+00
  -5.8200000e+00
  -6.3200000e+00
  -6.8200000e+00
  -8.1999999e-01
  -1.3200000e+00
  -1.8200000e+00
  -2.3200000e+00
  -2.8200000e+00
  -3.3200000e+00
  -3.8200000e+00
  -4.3200000e+00
  -4.8200000e+00
  -5.3200000e+00
  -5.8200000e+00
  -6.3200000e+00
  -6.8200000e+00
  -8.1999999e-01
  -1.3200000e+00
  -1.8200000e+00
  -2.3200000e+00
  -2.8200000e+00
  -3.3200000e+00
  -3.8200000e+00
  -4.3200000e+00
  -4.8200000e+00
  -5.3200000e+00
  -5.8200000e+00
  -6.3200000e+00
  -6.8200000e+00
  -7.3200000e+00
  -8.1999999e-01
  -1.3200000e+00
  -1.8200000e+00
  -2.3200000e+00
  -2.8200000e+00
  -3.3200000e+00
  -3.8200000e+00
  -4.3200000e+00
  -4.8200000e+00
  -5.3200000e+00
  -5.8200000e+00
  -6.3200000e+00
  -6.8200000e+00
  -7.3200000e+00
  -7.8200000e+00
  -8.1999999e-01
  -1.3200000e+00
  -1.8200000e+00
  -2.3200000e+00
  -2.8200000e+00
  -3.3200000e+00
  -3.8200000e+00
  -4.3200000e+00
  -4.8200000e+00
  -5.3200000e+00
  -5.8200000e+00
  -6.3200000e+00
  -6.8200000e+00
  -7.3200000e+00
  -7.8200000e+00
  -8.1999999e-01
  -1.3200000e+00
  -1.8200000e+00
  -2.3200000e+00
  -2.8200000e+00
  -3.3200000e+00
  -3.8200000e+00
  -4.3200000e+00
  -4.8200000e+00
  -5.3200000e+00
  -5.8200000e+00
  -6.3200000e+00
  -6.8200000e+00
  -7.3200000e+00
  -7.8200000e+00
  -8.3200000e+00
  -8.8200000e+00
  -8.1999999e-01
  -1.3200000e+00
  -1.8200000e+00
  -2.3200000e+00
  -2.8200000e+00
  -3.3200000e+00
  -3.8200000e+00
  -4.3200000e+00
  -4.8200000e+00
  -5.3200000e+00
  -5.8200000e+00
  -6.3200000e+00
  -6.8200000e+00
  -7.3200000e+00
  -7.8200000e+00
  -8.3200000e+00
  -8.8200000e+00
  -9.3200000e+00
  -1.0700001e+00
  -2.0700001e+00
  -3.0700001e+00
  -4.0700001e+00
  -5.0700001e+00
  -6.0700001e+00
  -7.0700001e+00
  -8.0700001e+00
  -9.0700001e+00
  -1.0700001e+00
  -2.0700001e+00
  -3.0700001e+00
  -4.0700001e+00
  -5.0700001e+00
  -6.0700001e+00
  -7.0700001e+00
  -8.0700001e+00
  -9.0700001e+00
  -1.0700001e+00
  -2.0700001e+00
  -3.0700001e+00
  -4.0700001e+00
  -5.0700001e+00
  -6.0700001e+00
  -7.0700001e+00
  -8.0700001e+00
  -9.0700001e+00
  -1.0700001e+00
  -2.0700001e+00
  -3.0700001e+00
  -4.0700001e+00
  -5.0700001e+00
  -6.0700001e+00
  -7.0700001e+00
  -8.0700001e+00
  -9.0700001e+00
  -1.0070000e+01
  -1.0700001e+00
  -2.0700001e+00
  -3.0700001e+00
  -4.0700001e+00
  -5.0700001e+00
  -6.0700001e+00
  -7.0700001e+00
  -8.0700001e+00
  -9.0700001e+00
  -1.0070000e+01
  -1.1070000e+01
  -1.0700001e+00
  -2.0700001e+00
  -3.0700001e+00
  -4.0700001e+00
  -5.0700001e+00
  -6.0700001e+00
  -7.0700001e+00
  -8.0700001e+00
  -9.0700001e+00
  -1.0070000e+01
  -1.1070000e+01
  -1.0700001e+00
  -2.0700001e+00
  -3.0700001e+00
  -4.0700001e+00
  -5.0700001e+00
  -6.0700001e+00
  -7.0700001e+00
  -8.0700001e+00
  -9.0700001e+00
  -1.0070000e+01
  -1.1070000e+01
  -1.2070000e+01
  -1.0700001e+00
  -2.0700001e+00
  -3.0700001e+00
  -4.0700001e+00
  -5.0700001e+00
  -6.0700001e+00
  -7.0700001e+00
  -8.0700001e+00
  -9.0700001e+00
  -1.0070000e+01
  -1.1070000e+01
  -1.0700001e+00
  -2.0700001e+00
  -3.0700001e+00
  -4.0700001e+00
  -5.0700001e+00
  -6.0700001e+00
  -7.0700001e+00
  -8.0700001e+00
  -9.0700001e+00
  -1.0070000e+01
  -1.1070000e+01
  -1.2070000e+01
  -1.0700001e+00
  -2.0700001e+00
  -3.0700001e+00
  -4.0700001e+00
  -5.0700001e+00
  -6.0700001e+00
  -7.0700001e+00
  -8.0700001e+00
  -9.0700001e+00
  -1.0070000e+01
  -1.1070000e+01
  -1.2070000e+01
  -1.3070000e+01
  -1.0700001e+00
  -2.0700001e+00
  -3.0700001e+00
  -4.0700001e+00
  -5.0700001e+00
  -6.0700001e+00
  -7.0700001e+00
  -8.0700001e+00
  -9.0700001e+00
  -1.0070000e+01
  -1.1070000e+01
  -1.2070000e+01
  -1.3070000e+01
  -1.0700001e+00
  -2.0700001e+00
  -3.0700001e+00
  -4.0700001e+00
  -5.0700001e+00
  -6.0700001e+00
  -7.0700001e+00
  -8.0700001e+00
  -9.0700001e+00
  -1.0070000e+01
  -1.1070000e+01
  -1.2070000e+01
  -1.3070000e+01
  -1.0700001e+00
  -2.0700001e+00
  -3.0700001e+00
  -4.0700001e+00
  -5.0700001e+00
  -6.0700001e+00
  -7.0700001e+00
  -8.0700001e+00
  -9.0700001e+00
  -1.0070000e+01
  -1.1070000e+01
  -1.2070000e+01
  -1.0700001e+00
  -2.0700001e+00
  -3.0700001e+00
  -4.0700001e+00
  -5.0700001e+00
  -6.0700001e+00
  -7.0700001e+00
  -8.0700001e+00
  -9.0700001e+00
  -1.0070000e+01
  -1.1070000e+01
  -1.2070000e+01
  -1.0700001e+00
  -2.0700001e+00
  -3.0700001e+00
  -4.0700001e+00
  -5.0700001e+00
  -6.0700001e+00
  -7.0700001e+00
  -8.0700001e+00
  -9.0700001e+00
  -1.0070000e+01
  -1.1070000e+01
  -1.2070000e+01
  -1.0700001e+00
  -2.0700001e+00
  -3.0700001e+00
  -4.0700001e+00
  -5.0700001e+00
  -6.0700001e+00
  -7.0700001e+00
  -8.0700001e+00
  -9.0700001e+00
  -1.0070000e+01
  -1.1070000e+01
  -1.0700001e+00
  -2.0700001e+00
  -3.0700001e+00
  -4.0700001e+00
  -5.0700001e+00
  -6.0700001e+00
  -7.0700001e+00
  -8.0700001e+00
  -9.0700001e+00
  -1.0070000e+01
  -1.1070000e+01
  -1.2070000e+01
  -1.0700001e+00
  -2.0700001e+00
  -3.0700001e+00
  -4.0700001e+00
  -5.0700001e+00
  -6.0700001e+00
  -7.0700001e+00
  -8.0700001e+00
  -9.0700001e+00
  -1.0070000e+01
  -1.1070000e+01
  -1.0700001e+00
  -2.0700001e+00
  -3.0700001e+00
  -4.0700001e+00
  -5.0700001e+00
  -6.0700001e+00
  -7.0700001e+00
  -8.0700001e+00
  -9.0700001e+00
  -1.0070000e+01
  -1.1070000e+01
  -1.0700001e+00
  -2.0700001e+00
  -3.0700001e+00
  -4.0700001e+00
  -5.0700001e+00
  -6.0700001e+00
  -7.0700001e+00
  -8.0700001e+00
  -9.0700001e+00
  -1.0070000e+01
  -1.1070000e+01
  -1.0700001e+00
  -2.0700001e+00
  -3.0700001e+00
  -4.0700001e+00
  -5.0700001e+00
  -6.0700001e+00
  -7.0700001e+00
  -8.0700001e+00
  -9.0700001e+00
  -1.0070000e+01
  -1.0700001e+00
  -2.0700001e+00
  -3.0700001e+00
  -4.0700001e+00
  -5.0700001e+00
  -6.0700001e+00
  -7.0700001e+00
  -8.0700001e+00
  -9.0700001e+00
  -1.0070000e+01
  -1.1070000e+01
  -1.0700001e+00
  -2.0700001e+00
  -3.0700001e+00
  -4.0700001e+00
  -5.0700001e+00
  -6.0700001e+00
  -7.0700001e+00
  -8.0700001e+00
  -9.0700001e+00
  -1.0070000e+01
  -1.0700001e+00
  -2.0700001e+00
  -3.0700001e+00
  -4.0700001e+00
  -5.0700001e+00
  -6.0700001e+00
  -7.0700001e+00
  -8.0700001e+00
  -9.0700001e+00
  -1.0070000e+01
  -1.0700001e+00
  -2.0700001e+00
  -3.0700001e+00
  -4.0700001e+00
  -5.0700001e+00
  -6.0700001e+00
  -7.0700001e+00
  -8.0700001e+00
  -9.0700001e+00
  -1.0700001e+00
  -2.0700001e+00
  -3.0700001e+00
  -4.0700001e+00
  -5.0700001e+00
  -6.0700001e+00
  -7.0700001e+00
  -8.0700001e+00
  -9.0700001e+00
  -1.0700001e+00
  -2.0700001e+00
  -3.0700001e+00
  -4.0700001e+00
  -5.0700001e+00
  -6.0700001e+00
  -7.0700001e+00
  -8.0700001e+00
  -9.0700001e+00
  -1.0700001e+00
  -2.0700001e+00
  -3.0700001e+00
  -4.0700001e+00
  -5.0700001e+00
  -6.0700001e+00
  -7.0700001e+00
  -8.0700001e+00
  -9.0700001e+00
  -1.0700001e+00
  -2.0700001e+00
  -3.0700001e+00
  -4.0700001e+00
  -5.0700001e+00
  -6.0700001e+00
  -7.0700001e+00
  -8.0700001e+00
  -9.0700001e+00
  -1.0700001e+00
  -2.0700001e+00
  -3.0700001e+00
  -4.0700001e+00
  -5.0700001e+00
  -6.0700001e+00
  -7.0700001e+00
  -8.0700001e+00
  -1.0700001e+00
  -2.0700001e+00
  -3.0700001e+00
  -4.0700001e+00
  -5.0700001e+00
  -6.0700001e+00
  -7.0700001e+00
  -8.0700001e+00
  -9.0700001e+00
  -1.0700001e+00
  -2.0700001e+00
  -3.0700001e+00
  -4.0700001e+00
  -5.0700001e+00
  -6.0700001e+00
  -7.0700001e+00
  -1.0700001e+00
  -2.0700001e+00
  -3.0700001e+00
  -4.0700001e+00
  -5.0700001e+00
  -6.0700001e+00
  -7.0700001e+00
  -8.0700001e+00
  -1.0700001e+00
  -2.0700001e+00
  -3.0700001e+00
  -4.0700001e+00
  -5.0700001e+00
  -6.0700001e+00
  -7.0700001e+00
  -1.0700001e+00
  -2.0700001e+00
  -3.0700001e+00
  -4.0700001e+00
  -5.0700001e+00
  -6.0700001e+00
  -7.0700001e+00
  -8.0700001e+00
  -8.1999999e-01
  -1.3200000e+00
  -1.8200000e+00
  -2.3200000e+00
  -2.8200000e+00
  -3.3200000e+00
  -3.8200000e+00
  -4.3200000e+00
  -4.8200000e+00
  -5.3200000e+00
  -5.8200000e+00
  -6.3200000e+00
  -6.8200000e+00
  -7.3200000e+00
  -7.8200000e+00
  -8.3200000e+00
  -8.8200000e+00
  -9.3200000e+00
  -9.8200000e+00
  -1.0700001e+00
  -2.0700001e+00
  -3.0700001e+00
  -4.0700001e+00
  -5.0700001e+00
  -6.0700001e+00
  -7.0700001e+00
  -8.0700001e+00
  -9.0700001e+00
  -1.0700001e+00
  -2.0700001e+00
  -3.0700001e+00
  -4.0700001e+00
  -5.0700001e+00
  -6.0700001e+00
  -7.0700001e+00
  -8.0700001e+00
  -9.0700001e+00
  -1.0700001e+00
  -2.0700001e+00
  -3.0700001e+00
  -4.0700001e+00
  -5.0700001e+00
  -6.0700001e+00
  -7.0700001e+00
  -8.0700001e+00
  -9.0700001e+00
  -1.0700001e+00
  -2.0700001e+00
  -3.0700001e+00
  -4.0700001e+00
  -5.0700001e+00
  -6.0700001e+00
  -7.0700001e+00
  -8.0700001e+00
  -9.0700001e+00
  -1.0700001e+00
  -2.0700001e+00
  -3.0700001e+00
  -4.0700001e+00
  -5.0700001e+00
  -6.0700001e+00
  -7.0700001e+00
  -1.0700001e+00
  -2.0700001e+00
  -3.0700001e+00
  -4.0700001e+00
  -5.0700001e+00
  -6.0700001e+00
  -7.0700001e+00
  -8.0700001e+00
  -8.1999999e-01
  -1.3200000e+00
  -1.8200000e+00
  -2.3200000e+00
  -2.8200000e+00
  -3.3200000e+00
  -3.8200000e+00
  -4.3200000e+00
  -4.8200000e+00
  -5.3200000e+00
  -5.8200000e+00
  -6.3200000e+00
  -6.8200000e+00
  -7.3200000e+00
  -7.8200000e+00
  -1.0700001e+00
  -2.0700001e+00
  -3.0700001e+00
  -4.0700001e+00
  -5.0700001e+00
  -6.0700001e+00
  -7.0700001e+00
  -8.1999999e-01
  -1.3200000e+00
  -1.8200000e+00
  -2.3200000e+00
  -2.8200000e+00
  -3.3200000e+00
  -3.8200000e+00
  -4.3200000e+00
  -4.8200000e+00
  -5.3200000e+00
  -5.8200000e+00
  -6.3200000e+00
  -6.8200000e+00
  -7.3200000e+00
  -8.1999999e-01
  -1.3200000e+00
  -1.8200000e+00
  -2.3200000e+00
  -2.8200000e+00
  -3.3200000e+00
  -3.8200000e+00
  -4.3200000e+00
  -4.8200000e+00
  -5.3200000e+00
  -5.8200000e+00
  -6.3200000e+00
  -6.8200000e+00
  -8.1999999e-01
  -1.3200000e+00
  -1.8200000e+00
  -2.3200000e+00
  -2.8200000e+00
  -3.3200000e+00
  -3.8200000e+00
  -4.3200000e+00
  -4.8200000e+00
  -5.3200000e+00
  -5.8200000e+00
  -6.3200000e+00
  -6.8200000e+00
  -8.1999999e-01
  -1.3200000e+00
  -1.8200000e+00
  -2.3200000e+00
  -2.8200000e+00
  -3.3200000e+00
  -3.8200000e+00
  -4.3200000e+00
  -4.8200000e+00
  -5.3200000e+00
  -5.8200000e+00
  -6.3200000e+00
  -8.1999999e-01
  -1.3200000e+00
  -1.8200000e+00
  -2.3200000e+00
  -2.8200000e+00
  -3.3200000e+00
  -3.8200000e+00
  -4.3200000e+00
  -4.8200000e+00
  -5.3200000e+00
  -5.8200000e+00
  -6.3200000e+00
  -8.1999999e-01
  -1.3200000e+00
  -1.8200000e+00
  -2.3200000e+00
  -2.8200000e+00
  -3.3200000e+00
  -3.8200000e+00
  -4.3200000e+00
  -4.8200000e+00
  -5.3200000e+00
  -5.8200000e+00
  -6.3200000e+00
  -8.1999999e-01
  -1.3200000e+00
  -1.8200000e+00
  -2.3200000e+00
  -2.8200000e+00
  -3.3200000e+00
  -3.8200000e+00
  -4.3200000e+00
  -4.8200000e+00
  -5.3200000e+00
  -5.8200000e+00
  -6.3200000e+00
  -8.1999999e-01
  -1.3200000e+00
  -1.8200000e+00
  -2.3200000e+00
  -2.8200000e+00
  -3.3200000e+00
  -3.8200000e+00
  -4.3200000e+00
  -4.8200000e+00
  -8.1999999e-01
  -1.3200000e+00
  -1.8200000e+00
  -2.3200000e+00
  -2.8200000e+00
  -3.3200000e+00
  -3.8200000e+00
  -4.3200000e+00
  -4.8200000e+00
  -8.1999999e-01
  -1.3200000e+00
  -1.8200000e+00
  -2.3200000e+00
  -2.8200000e+00
  -3.3200000e+00
  -3.8200000e+00
  -4.3200000e+00
  -4.8200000e+00
  -8.1999999e-01
  -1.3200000e+00
  -1.8200000e+00
  -2.3200000e+00
  -2.8200000e+00
  -3.3200000e+00
  -3.8200000e+00
  -4.3200000e+00
  -4.8200000e+00
  -5.3200000e+00
  -8.1999999e-01
  -1.3200000e+00
  -1.8200000e+00
  -2.3200000e+00
  -2.8200000e+00
  -3.3200000e+00
  -3.8200000e+00
  -4.3200000e+00
  -4.8200000e+00
  -5.3200000e+00
  -8.1999999e-01
  -1.3200000e+00
  -1.8200000e+00
  -2.3200000e+00
  -2.8200000e+00
  -3.3200000e+00
  -3.8200000e+00
  -4.3200000e+00
  -4.8200000e+00
  -5.3200000e+00
  -5.8200000e+00
  -8.1999999e-01
  -1.3200000e+00
  -1.8200000e+00
  -2.3200000e+00
  -2.8200000e+00
  -3.3200000e+00
  -3.8200000e+00
  -4.3200000e+00
  -4.8200000e+00
  -5.3200000e+00
  -8.1999999e-01
  -1.3200000e+00
  -1.8200000e+00
  -2.3200000e+00
  -2.8200000e+00
  -3.3200000e+00
  -3.8200000e+00
  -4.3200000e+00
  -4.8200000e+00
  -5.3200000e+00
  -8.1999999e-01
  -1.3200000e+00
  -1.8200000e+00
  -2.3200000e+00
  -2.8200000e+00
  -3.3200000e+00
  -3.8200000e+00
  -4.3200000e+00
  -4.8200000e+00
  -5.3200000e+00
  -8.1999999e-01
  -1.3200000e+00
  -1.8200000e+00
  -2.3200000e+00
  -2.8200000e+00
  -3.3200000e+00
  -3.8200000e+00
  -4.3200000e+00
  -4.8200000e+00
  -5.3200000e+00
  -8.1999999e-01
  -1.3200000e+00
  -1.8200000e+00
  -2.3200000e+00
  -2.8200000e+00
  -3.3200000e+00
  -3.8200000e+00
  -4.3200000e+00
  -4.8200000e+00
  -8.1999999e-01
  -1.3200000e+00
  -1.8200000e+00
  -2.3200000e+00
  -2.8200000e+00
  -3.3200000e+00
  -3.8200000e+00
  -4.3200000e+00
  -8.1999999e-01
  -1.3200000e+00
  -1.8200000e+00
  -2.3200000e+00
  -2.8200000e+00
  -3.3200000e+00
  -3.8200000e+00
  -4.3200000e+00
  -8.1999999e-01
  -1.3200000e+00
  -1.8200000e+00
  -2.3200000e+00
  -2.8200000e+00
  -3.3200000e+00
  -3.8200000e+00
  -4.3200000e+00
  -4.8200000e+00
  -8.1999999e-01
  -1.3200000e+00
  -1.8200000e+00
  -2.3200000e+00
  -2.8200000e+00
  -3.3200000e+00
  -3.8200000e+00
  -4.3200000e+00
  -4.8200000e+00
  -8.1999999e-01
  -1.3200000e+00
  -1.8200000e+00
  -2.3200000e+00
  -2.8200000e+00
  -3.3200000e+00
  -3.8200000e+00
  -4.3200000e+00
  -4.8200000e+00
  -8.1999999e-01
  -1.3200000e+00
  -1.8200000e+00
  -2.3200000e+00
  -2.8200000e+00
  -3.3200000e+00
  -3.8200000e+00
  -4.3200000e+00
  -4.8200000e+00
  -5.3200000e+00
  -8.1999999e-01
  -1.3200000e+00
  -1.8200000e+00
  -2.3200000e+00
  -2.8200000e+00
  -3.3200000e+00
  -3.8200000e+00
  -4.3200000e+00
  -4.8200000e+00
  -8.1999999e-01
  -1.3200000e+00
  -1.8200000e+00
  -2.3200000e+00
  -2.8200000e+00
  -3.3200000e+00
  -3.8200000e+00
  -4.3200000e+00
  -8.1999999e-01
  -1.3200000e+00
  -1.8200000e+00
  -2.3200000e+00
  -2.8200000e+00
  -3.3200000e+00
  -3.8200000e+00
  -4.3200000e+00
  -4.8200000e+00
  -8.1999999e-01
  -1.3200000e+00
  -1.8200000e+00
  -2.3200000e+00
  -2.8200000e+00
  -3.3200000e+00
  -3.8200000e+00
  -4.3200000e+00
  -4.8200000e+00
  -8.1999999e-01
  -1.3200000e+00
  -1.8200000e+00
  -2.3200000e+00
  -2.8200000e+00
  -3.3200000e+00
  -3.8200000e+00
  -4.3200000e+00
  -4.8200000e+00
  -8.1999999e-01
  -1.3200000e+00
  -1.8200000e+00
  -2.3200000e+00
  -2.8200000e+00
  -3.3200000e+00
  -3.8200000e+00
  -4.3200000e+00
  -4.8200000e+00
  -5.3200000e+00
  -8.1999999e-01
  -1.3200000e+00
  -1.8200000e+00
  -2.3200000e+00
  -2.8200000e+00
  -3.3200000e+00
  -3.8200000e+00
  -4.3200000e+00
  -4.8200000e+00
  -5.3200000e+00
  -8.1999999e-01
  -1.3200000e+00
  -1.8200000e+00
  -2.3200000e+00
  -2.8200000e+00
  -3.3200000e+00
  -3.8200000e+00
  -4.3200000e+00
  -4.8200000e+00
  -5.3200000e+00
  -5.8200000e+00
  -8.1999999e-01
  -1.3200000e+00
  -1.8200000e+00
  -2.3200000e+00
  -2.8200000e+00
  -3.3200000e+00
  -3.8200000e+00
  -4.3200000e+00
  -4.8200000e+00
  -5.3200000e+00
  -5.8200000e+00
  -8.1999999e-01
  -1.3200000e+00
  -1.8200000e+00
  -2.3200000e+00
  -2.8200000e+00
  -3.3200000e+00
  -3.8200000e+00
  -4.3200000e+00
  -4.8200000e+00
  -5.3200000e+00
  -5.8200000e+00
  -8.1999999e-01
  -1.3200000e+00
  -1.8200000e+00
  -2.3200000e+00
  -2.8200000e+00
  -3.3200000e+00
  -3.8200000e+00
  -4.3200000e+00
  -4.8200000e+00
  -5.3200000e+00
  -5.8200000e+00
  -8.1999999e-01
  -1.3200000e+00
  -1.8200000e+00
  -2.3200000e+00
  -2.8200000e+00
  -3.3200000e+00
  -3.8200000e+00
  -4.3200000e+00
  -4.8200000e+00
  -5.3200000e+00
  -5.8200000e+00
  -8.1999999e-01
  -1.3200000e+00
  -1.8200000e+00
  -2.3200000e+00
  -2.8200000e+00
  -3.3200000e+00
  -3.8200000e+00
  -4.3200000e+00
  -4.8200000e+00
  -5.3200000e+00
  -5.8200000e+00
  -8.1999999e-01
  -1.3200000e+00
  -1.8200000e+00
  -2.3200000e+00
  -2.8200000e+00
  -3.3200000e+00
  -3.8200000e+00
  -4.3200000e+00
  -4.8200000e+00
  -5.3200000e+00
  -8.1999999e-01
  -1.3200000e+00
  -1.8200000e+00
  -2.3200000e+00
  -2.8200000e+00
  -3.3200000e+00
  -3.8200000e+00
  -4.3200000e+00
  -4.8200000e+00
  -8.1999999e-01
  -1.3200000e+00
  -1.8200000e+00
  -2.3200000e+00
  -2.8200000e+00
  -3.3200000e+00
  -3.8200000e+00
  -4.3200000e+00
  -4.8200000e+00
  -8.1999999e-01
  -1.3200000e+00
  -1.8200000e+00
  -2.3200000e+00
  -2.8200000e+00
  -3.3200000e+00
  -3.8200000e+00
  -4.3200000e+00
  -8.1999999e-01
  -1.3200000e+00
  -1.8200000e+00
  -2.3200000e+00
  -2.8200000e+00
  -3.3200000e+00
  -3.8200000e+00
  -4.3200000e+00
  -4.8200000e+00
  -8.1999999e-01
  -1.3200000e+00
  -1.8200000e+00
  -2.3200000e+00
  -2.8200000e+00
  -3.3200000e+00
  -3.8200000e+00
  -4.3200000e+00
  -4.8200000e+00
  -8.1999999e-01
  -1.3200000e+00
  -1.8200000e+00
  -2.3200000e+00
  -2.8200000e+00
  -3.3200000e+00
  -3.8200000e+00
  -4.3200000e+00
  -4.8200000e+00
  -8.1999999e-01
  -1.3200000e+00
  -1.8200000e+00
  -2.3200000e+00
  -2.8200000e+00
  -3.3200000e+00
  -3.8200000e+00
  -4.3200000e+00
  -4.8200000e+00
  -8.1999999e-01
  -1.3200000e+00
  -1.8200000e+00
  -2.3200000e+00
  -2.8200000e+00
  -3.3200000e+00
  -3.8200000e+00
  -4.3200000e+00
  -4.8200000e+00
  -8.1999999e-01
  -1.3200000e+00
  -1.8200000e+00
  -2.3200000e+00
  -2.8200000e+00
  -3.3200000e+00
  -3.8200000e+00
  -4.3200000e+00
  -4.8200000e+00
  -5.3200000e+00
  -8.1999999e-01
  -1.3200000e+00
  -1.8200000e+00
  -2.3200000e+00
  -2.8200000e+00
  -3.3200000e+00
  -3.8200000e+00
  -4.3200000e+00
  -4.8200000e+00
  -5.3200000e+00
  -8.1999999e-01
  -1.3200000e+00
  -1.8200000e+00
  -2.3200000e+00
  -2.8200000e+00
  -3.3200000e+00
  -3.8200000e+00
  -4.3200000e+00
  -4.8200000e+00
  -5.3200000e+00
  -8.1999999e-01
  -1.3200000e+00
  -1.8200000e+00
  -2.3200000e+00
  -2.8200000e+00
  -3.3200000e+00
  -3.8200000e+00
  -4.3200000e+00
  -4.8200000e+00
  -8.1999999e-01
  -1.3200000e+00
  -1.8200000e+00
  -2.3200000e+00
  -2.8200000e+00
  -3.3200000e+00
  -3.8200000e+00
  -4.3200000e+00
  -4.8200000e+00
  -8.1999999e-01
  -1.3200000e+00
  -1.8200000e+00
  -2.3200000e+00
  -2.8200000e+00
  -3.3200000e+00
  -3.8200000e+00
  -4.3200000e+00
  -4.8200000e+00
  -8.1999999e-01
  -1.3200000e+00
  -1.8200000e+00
  -2.3200000e+00
  -2.8200000e+00
  -3.3200000e+00
  -3.8200000e+00
  -4.3200000e+00
  -4.8200000e+00
  -8.1999999e-01
  -1.3200000e+00
  -1.8200000e+00
  -2.3200000e+00
  -2.8200000e+00
  -3.3200000e+00
  -3.8200000e+00
  -4.3200000e+00
  -4.8200000e+00
  -8.1999999e-01
  -1.3200000e+00
  -1.8200000e+00
  -2.3200000e+00
  -2.8200000e+00
  -3.3200000e+00
  -3.8200000e+00
  -4.3200000e+00
  -4.8200000e+00
  -8.1999999e-01
  -1.3200000e+00
  -1.8200000e+00
  -2.3200000e+00
  -2.8200000e+00
  -3.3200000e+00
  -3.8200000e+00
  -4.3200000e+00
  -4.8200000e+00
  -8.1999999e-01
  -1.3200000e+00
  -1.8200000e+00
  -2.3200000e+00
  -2.8200000e+00
  -3.3200000e+00
  -3.8200000e+00
  -4.3200000e+00
  -4.8200000e+00
  -5.3200000e+00
  -8.1999999e-01
  -1.3200000e+00
  -1.8200000e+00
  -2.3200000e+00
  -2.8200000e+00
  -3.3200000e+00
  -3.8200000e+00
  -4.3200000e+00
  -4.8200000e+00
  -5.3200000e+00
  -8.1999999e-01
  -1.3200000e+00
  -1.8200000e+00
  -2.3200000e+00
  -2.8200000e+00
  -3.3200000e+00
  -3.8200000e+00
  -4.3200000e+00
  -4.8200000e+00
  -5.3200000e+00
  -5.8200000e+00
  -8.1999999e-01
  -1.3200000e+00
  -1.8200000e+00
  -2.3200000e+00
  -2.8200000e+00
  -3.3200000e+00
  -3.8200000e+00
  -4.3200000e+00
  -4.8200000e+00
  -5.3200000e+00
  -5.8200000e+00
  -6.3200000e+00
  -8.1999999e-01
  -1.3200000e+00
  -1.8200000e+00
  -2.3200000e+00
  -2.8200000e+00
  -3.3200000e+00
  -3.8200000e+00
  -4.3200000e+00
  -4.8200000e+00
  -5.3200000e+00
  -5.8200000e+00
  -6.3200000e+00
  -8.1999999e-01
  -1.3200000e+00
  -1.8200000e+00
  -2.3200000e+00
  -2.8200000e+00
  -3.3200000e+00
  -3.8200000e+00
  -4.3200000e+00
  -4.8200000e+00
  -5.3200000e+00
  -5.8200000e+00
  -6.3200000e+00
  -8.1999999e-01
  -1.3200000e+00
  -1.8200000e+00
  -2.3200000e+00
  -2.8200000e+00
  -3.3200000e+00
  -3.8200000e+00
  -4.3200000e+00
  -4.8200000e+00
  -5.3200000e+00
  -5.8200000e+00
  -6.3200000e+00
  -8.1999999e-01
  -1.3200000e+00
  -1.8200000e+00
  -2.3200000e+00
  -2.8200000e+00
  -3.3200000e+00
  -3.8200000e+00
  -4.3200000e+00
  -4.8200000e+00
  -5.3200000e+00
  -5.8200000e+00
  -6.3200000e+00
  -8.1999999e-01
  -1.3200000e+00
  -1.8200000e+00
  -2.3200000e+00
  -2.8200000e+00
  -3.3200000e+00
  -3.8200000e+00
  -4.3200000e+00
  -4.8200000e+00
  -5.3200000e+00
  -5.8200000e+00
  -6.3200000e+00
  -8.1999999e-01
  -1.3200000e+00
  -1.8200000e+00
  -2.3200000e+00
  -2.8200000e+00
  -3.3200000e+00
  -3.8200000e+00
  -4.3200000e+00
  -4.8200000e+00
  -5.3200000e+00
  -5.8200000e+00
  -6.3200000e+00
  -8.1999999e-01
  -1.3200000e+00
  -1.8200000e+00
  -2.3200000e+00
  -2.8200000e+00
  -3.3200000e+00
  -3.8200000e+00
  -4.3200000e+00
  -4.8200000e+00
  -5.3200000e+00
  -5.8200000e+00
  -6.3200000e+00
  -8.1999999e-01
  -1.3200000e+00
  -1.8200000e+00
  -2.3200000e+00
  -2.8200000e+00
  -3.3200000e+00
  -3.8200000e+00
  -4.3200000e+00
  -4.8200000e+00
  -5.3200000e+00
  -5.8200000e+00
  -6.3200000e+00
  -8.1999999e-01
  -1.3200000e+00
  -1.8200000e+00
  -2.3200000e+00
  -2.8200000e+00
  -3.3200000e+00
  -3.8200000e+00
  -4.3200000e+00
  -4.8200000e+00
  -5.3200000e+00
  -5.8200000e+00
  -6.3200000e+00
  -8.1999999e-01
  -1.3200000e+00
  -1.8200000e+00
  -2.3200000e+00
  -2.8200000e+00
  -3.3200000e+00
  -3.8200000e+00
  -4.3200000e+00
  -4.8200000e+00
  -5.3200000e+00
  -5.8200000e+00
  -8.1999999e-01
  -1.3200000e+00
  -1.8200000e+00
  -2.3200000e+00
  -2.8200000e+00
  -3.3200000e+00
  -3.8200000e+00
  -4.3200000e+00
  -4.8200000e+00
  -5.3200000e+00
  -5.8200000e+00
  -8.1999999e-01
  -1.3200000e+00
  -1.8200000e+00
  -2.3200000e+00
  -2.8200000e+00
  -3.3200000e+00
  -3.8200000e+00
  -4.3200000e+00
  -4.8200000e+00
  -5.3200000e+00
  -5.8200000e+00
  -8.1999999e-01
  -1.3200000e+00
  -1.8200000e+00
  -2.3200000e+00
  -2.8200000e+00
  -3.3200000e+00
  -3.8200000e+00
  -4.3200000e+00
  -4.8200000e+00
  -5.3200000e+00
  -8.1999999e-01
  -1.3200000e+00
  -1.8200000e+00
  -2.3200000e+00
  -2.8200000e+00
  -3.3200000e+00
  -3.8200000e+00
  -4.3200000e+00
  -4.8200000e+00
  -5.3200000e+00
  -8.1999999e-01
  -1.3200000e+00
  -1.8200000e+00
  -2.3200000e+00
  -2.8200000e+00
  -3.3200000e+00
  -3.8200000e+00
  -4.3200000e+00
  -4.8200000e+00
  -5.3200000e+00
  -5.8200000e+00
  -8.1999999e-01
  -1.3200000e+00
  -1.8200000e+00
  -2.3200000e+00
  -2.8200000e+00
  -3.3200000e+00
  -3.8200000e+00
  -4.3200000e+00
  -4.8200000e+00
  -5.3200000e+00
  -5.8200000e+00
  -8.1999999e-01
  -1.3200000e+00
  -1.8200000e+00
  -2.3200000e+00
  -2.8200000e+00
  -3.3200000e+00
  -3.8200000e+00
  -4.3200000e+00
  -4.8200000e+00
  -5.3200000e+00
  -8.1999999e-01
  -1.3200000e+00
  -1.8200000e+00
  -2.3200000e+00
  -2.8200000e+00
  -3.3200000e+00
  -3.8200000e+00
  -4.3200000e+00
  -4.8200000e+00
  -5.3200000e+00
  -8.1999999e-01
  -1.3200000e+00
  -1.8200000e+00
  -2.3200000e+00
  -2.8200000e+00
  -3.3200000e+00
  -3.8200000e+00
  -4.3200000e+00
  -4.8200000e+00
  -5.3200000e+00
  -8.1999999e-01
  -1.3200000e+00
  -1.8200000e+00
  -2.3200000e+00
  -2.8200000e+00
  -3.3200000e+00
  -3.8200000e+00
  -4.3200000e+00
  -4.8200000e+00
  -5.3200000e+00
  -8.1999999e-01
  -1.3200000e+00
  -1.8200000e+00
  -2.3200000e+00
  -2.8200000e+00
  -3.3200000e+00
  -3.8200000e+00
  -4.3200000e+00
  -4.8200000e+00
  -8.1999999e-01
  -1.3200000e+00
  -1.8200000e+00
  -2.3200000e+00
  -2.8200000e+00
  -3.3200000e+00
  -3.8200000e+00
  -4.3200000e+00
  -4.8200000e+00
  -8.1999999e-01
  -1.3200000e+00
  -1.8200000e+00
  -2.3200000e+00
  -2.8200000e+00
  -3.3200000e+00
  -3.8200000e+00
  -4.3200000e+00
  -4.8200000e+00
  -8.1999999e-01
  -1.3200000e+00
  -1.8200000e+00
  -2.3200000e+00
  -2.8200000e+00
  -3.3200000e+00
  -3.8200000e+00
  -4.3200000e+00
  -4.8200000e+00
  -5.3200000e+00
  -8.1999999e-01
  -1.3200000e+00
  -1.8200000e+00
  -2.3200000e+00
  -2.8200000e+00
  -3.3200000e+00
  -3.8200000e+00
  -4.3200000e+00
  -4.8200000e+00
  -8.1999999e-01
  -1.3200000e+00
  -1.8200000e+00
  -2.3200000e+00
  -2.8200000e+00
  -3.3200000e+00
  -3.8200000e+00
  -4.3200000e+00
  -4.8200000e+00
  -5.3200000e+00
  -8.1999999e-01
  -1.3200000e+00
  -1.8200000e+00
  -2.3200000e+00
  -2.8200000e+00
  -3.3200000e+00
  -3.8200000e+00
  -4.3200000e+00
  -4.8200000e+00
  -5.3200000e+00
  -8.1999999e-01
  -1.3200000e+00
  -1.8200000e+00
  -2.3200000e+00
  -2.8200000e+00
  -3.3200000e+00
  -3.8200000e+00
  -4.3200000e+00
  -4.8200000e+00
  -5.3200000e+00
  -8.1999999e-01
  -1.3200000e+00
  -1.8200000e+00
  -2.3200000e+00
  -2.8200000e+00
  -3.3200000e+00
  -3.8200000e+00
  -4.3200000e+00
  -4.8200000e+00
  -5.3200000e+00
  -8.1999999e-01
  -1.3200000e+00
  -1.8200000e+00
  -2.3200000e+00
  -2.8200000e+00
  -3.3200000e+00
  -3.8200000e+00
  -4.3200000e+00
  -4.8200000e+00
  -5.3200000e+00
  -8.1999999e-01
  -1.3200000e+00
  -1.8200000e+00
  -2.3200000e+00
  -2.8200000e+00
  -3.3200000e+00
  -3.8200000e+00
  -4.3200000e+00
  -4.8200000e+00
  -5.3200000e+00
  -5.8200000e+00
  -8.1999999e-01
  -1.3200000e+00
  -1.8200000e+00
  -2.3200000e+00
  -2.8200000e+00
  -3.3200000e+00
  -3.8200000e+00
  -4.3200000e+00
  -4.8200000e+00
  -5.3200000e+00
  -8.1999999e-01
  -1.3200000e+00
  -1.8200000e+00
  -2.3200000e+00
  -2.8200000e+00
  -3.3200000e+00
  -3.8200000e+00
  -4.3200000e+00
  -4.8200000e+00
  -5.3200000e+00
  -8.1999999e-01
  -1.3200000e+00
  -1.8200000e+00
  -2.3200000e+00
  -2.8200000e+00
  -3.3200000e+00
  -3.8200000e+00
  -4.3200000e+00
  -4.8200000e+00
  -5.3200000e+00
  -8.1999999e-01
  -1.3200000e+00
  -1.8200000e+00
  -2.3200000e+00
  -2.8200000e+00
  -3.3200000e+00
  -3.8200000e+00
  -4.3200000e+00
  -4.8200000e+00
  -5.3200000e+00
  -8.1999999e-01
  -1.3200000e+00
  -1.8200000e+00
  -2.3200000e+00
  -2.8200000e+00
  -3.3200000e+00
  -3.8200000e+00
  -4.3200000e+00
  -4.8200000e+00
  -5.3200000e+00
  -8.1999999e-01
  -1.3200000e+00
  -1.8200000e+00
  -2.3200000e+00
  -2.8200000e+00
  -3.3200000e+00
  -3.8200000e+00
  -4.3200000e+00
  -4.8200000e+00
  -5.3200000e+00
  -5.8200000e+00
  -8.1999999e-01
  -1.3200000e+00
  -1.8200000e+00
  -2.3200000e+00
  -2.8200000e+00
  -3.3200000e+00
  -3.8200000e+00
  -4.3200000e+00
  -4.8200000e+00
  -5.3200000e+00
  -5.8200000e+00
  -8.1999999e-01
  -1.3200000e+00
  -1.8200000e+00
  -2.3200000e+00
  -2.8200000e+00
  -3.3200000e+00
  -3.8200000e+00
  -4.3200000e+00
  -4.8200000e+00
  -5.3200000e+00
  -5.8200000e+00
  -8.1999999e-01
  -1.3200000e+00
  -1.8200000e+00
  -2.3200000e+00
  -2.8200000e+00
  -3.3200000e+00
  -3.8200000e+00
  -4.3200000e+00
  -4.8200000e+00
  -5.3200000e+00
  -5.8200000e+00
  -8.1999999e-01
  -1.3200000e+00
  -1.8200000e+00
  -2.3200000e+00
  -2.8200000e+00
  -3.3200000e+00
  -3.8200000e+00
  -4.3200000e+00
  -4.8200000e+00
  -5.3200000e+00
  -8.1999999e-01
  -1.3200000e+00
  -1.8200000e+00
  -2.3200000e+00
  -2.8200000e+00
  -3.3200000e+00
  -3.8200000e+00
  -4.3200000e+00
  -4.8200000e+00
  -5.3200000e+00
  -8.1999999e-01
  -1.3200000e+00
  -1.8200000e+00
  -2.3200000e+00
  -2.8200000e+00
  -3.3200000e+00
  -3.8200000e+00
  -4.3200000e+00
  -4.8200000e+00
  -5.3200000e+00
  -5.8200000e+00
  -8.1999999e-01
  -1.3200000e+00
  -1.8200000e+00
  -2.3200000e+00
  -2.8200000e+00
  -3.3200000e+00
  -3.8200000e+00
  -4.3200000e+00
  -4.8200000e+00
  -5.3200000e+00
  -5.8200000e+00
  -8.1999999e-01
  -1.3200000e+00
  -1.8200000e+00
  -2.3200000e+00
  -2.8200000e+00
  -3.3200000e+00
  -3.8200000e+00
  -4.3200000e+00
  -4.8200000e+00
  -5.3200000e+00
  -5.8200000e+00
  -8.1999999e-01
  -1.3200000e+00
  -1.8200000e+00
  -2.3200000e+00
  -2.8200000e+00
  -3.3200000e+00
  -3.8200000e+00
  -4.3200000e+00
  -4.8200000e+00
  -5.3200000e+00
  -5.8200000e+00
  -8.1999999e-01
  -1.3200000e+00
  -1.8200000e+00
  -2.3200000e+00
  -2.8200000e+00
  -3.3200000e+00
  -3.8200000e+00
  -4.3200000e+00
  -4.8200000e+00
  -5.3200000e+00
  -5.8200000e+00
  -8.1999999e-01
  -1.3200000e+00
  -1.8200000e+00
  -2.3200000e+00
  -2.8200000e+00
  -3.3200000e+00
  -3.8200000e+00
  -4.3200000e+00
  -4.8200000e+00
  -5.3200000e+00
  -5.8200000e+00
  -8.1999999e-01
  -1.3200000e+00
  -1.8200000e+00
  -2.3200000e+00
  -2.8200000e+00
  -3.3200000e+00
  -3.8200000e+00
  -4.3200000e+00
  -4.8200000e+00
  -5.3200000e+00
  -5.8200000e+00
  -8.1999999e-01
  -1.3200000e+00
  -1.8200000e+00
  -2.3200000e+00
  -2.8200000e+00
  -3.3200000e+00
  -3.8200000e+00
  -4.3200000e+00
  -4.8200000e+00
  -5.3200000e+00
  -5.8200000e+00
  -8.1999999e-01
  -1.3200000e+00
  -1.8200000e+00
  -2.3200000e+00
  -2.8200000e+00
  -3.3200000e+00
  -3.8200000e+00
  -4.3200000e+00
  -4.8200000e+00
  -5.3200000e+00
  -5.8200000e+00
  -8.1999999e-01
  -1.3200000e+00
  -1.8200000e+00
  -2.3200000e+00
  -2.8200000e+00
  -3.3200000e+00
  -3.8200000e+00
  -4.3200000e+00
  -8.1999999e-01
  -1.3200000e+00
  -1.8200000e+00
  -2.3200000e+00
  -2.8200000e+00
  -3.3200000e+00
  -3.8200000e+00
  -8.1999999e-01
  -1.3200000e+00
  -1.8200000e+00
  -2.3200000e+00
  -2.8200000e+00
  -3.3200000e+00
  -3.8200000e+00
  -8.1999999e-01
  -1.3200000e+00
  -1.8200000e+00
  -2.3200000e+00
  -2.8200000e+00
  -3.3200000e+00
  -3.8200000e+00
